1590393928.456520,2
1590393928.559655,9
1590393928.662283,17
1590393928.765199,23
1590393928.867964,29
1590393928.970931,36
1590393929.075065,43
1590393929.178141,51
1590393929.281954,57
1590393929.386836,63
1590393929.491076,70
1590393929.593928,76
1590393929.697127,85
1590393929.800511,91
1590393929.903651,98
1590393930.007590,100
1590393930.110958,100
1590393930.213420,100
1590393930.316263,99
1590393930.419142,99
1590393930.522454,99
1590393930.625410,100
1590393930.728302,100
1590393930.831430,98
1590393930.933922,99
1590393931.037598,99
1590393931.140346,99
1590393931.243935,100
1590393931.347547,99
1590393931.451256,99
1590393931.554651,100
1590393931.657337,98
1590393931.760860,98
1590393931.863429,98
1590393931.966442,97
1590393932.069320,97
1590393932.172341,97
1590393932.275540,97
1590393932.378996,97
1590393932.481825,98
1590393932.584884,99
1590393932.688256,100
1590393932.792226,100
1590393932.895315,100
1590393932.998175,100
1590393933.101134,98
1590393933.204699,98
1590393933.308307,97
1590393933.411780,98
1590393933.515309,99
1590393933.617841,100
1590393933.720904,99
1590393933.824411,99
1590393933.927556,100
1590393934.030558,99
1590393934.132927,99
1590393934.236352,100
1590393934.339201,97
1590393934.442781,99
1590393934.546433,99
1590393934.649743,98
1590393934.752358,98
1590393934.854417,98
1590393934.957580,96
1590393935.060285,99
1590393935.163972,100
1590393935.267457,94
1590393935.370690,89
1590393935.475017,87
1590393935.577996,75
1590393935.681362,62
1590393935.784486,49
1590393935.887377,36
1590393935.991351,24
1590393936.094898,11
1590393936.199103,0
1590393936.301665,0
1590393936.404807,0
1590393936.508376,1
1590393936.612092,0
1590393936.715031,0
1590393936.819565,0
1590393936.923688,0
1590393937.026577,0
1590393937.129923,0
1590393937.232418,18
1590393937.336284,83
1590393937.439907,99
1590393937.543462,99
1590393937.646525,99
1590393937.750465,97
1590393937.854700,95
1590393937.958047,96
1590393938.060439,96
1590393938.163071,96
1590393938.266102,95
1590393938.369567,95
1590393938.472911,95
1590393938.576928,95
1590393938.680597,95
1590393938.783842,92
1590393938.887389,93
1590393938.990572,93
1590393939.094326,92
1590393939.197858,92
1590393939.300550,91
1590393939.402825,91
1590393939.506077,92
1590393939.610656,92
1590393939.714959,92
1590393939.818359,92
1590393939.921478,91
1590393940.024595,91
1590393940.128258,91
1590393940.231146,91
1590393940.333601,95
1590393940.436304,94
1590393940.540363,91
1590393940.643187,86
1590393940.747052,79
1590393940.850192,72
1590393940.953837,66
1590393941.056962,59
1590393941.159800,53
1590393941.263876,51
1590393941.366183,49
1590393941.469086,48
1590393941.572294,48
1590393941.676394,48
1590393941.780379,48
1590393941.884310,48
1590393941.987934,48
1590393942.091388,48
1590393942.194141,48
1590393942.296592,49
1590393942.399537,49
1590393942.502553,49
1590393942.606930,49
1590393942.709648,49
1590393942.813484,49
1590393942.916421,50
1590393943.019402,50
1590393943.121806,50
1590393943.226131,50
1590393943.329594,50
1590393943.433079,50
1590393943.536856,51
1590393943.640555,51
1590393943.743830,51
1590393943.846833,50
1590393943.951224,50
1590393944.054655,50
1590393944.158063,50
1590393944.261415,50
1590393944.364712,49
1590393944.467346,49
1590393944.570458,50
1590393944.672944,49
1590393944.776605,49
1590393944.879792,49
1590393944.983908,49
1590393945.087161,50
1590393945.190144,49
1590393945.293600,48
1590393945.397394,48
1590393945.500950,49
1590393945.604300,50
1590393945.707584,49
1590393945.810613,49
1590393945.914925,49
1590393946.019112,49
1590393946.122251,50
1590393946.226526,50
1590393946.330111,49
1590393946.433426,49
1590393946.537079,49
1590393946.639875,49
1590393946.742909,49
1590393946.845754,50
1590393946.949613,50
1590393947.052557,50
1590393947.155296,49
1590393947.259918,50
1590393947.362688,50
1590393947.465759,50
1590393947.569610,50
1590393947.672552,56
1590393947.775980,56
1590393947.879844,56
1590393947.982875,56
1590393948.086511,56
1590393948.190888,56
1590393948.294465,56
1590393948.397910,56
1590393948.502510,52
1590393948.605251,50
1590393948.708393,50
1590393948.811888,50
1590393948.914858,50
1590393949.019450,50
1590393949.121913,50
1590393949.225641,50
1590393949.328324,50
1590393949.431282,49
1590393949.533883,50
1590393949.637379,50
1590393949.740386,50
1590393949.842979,50
1590393949.945990,50
1590393950.049401,50
1590393950.152064,50
1590393950.264810,50
1590393950.368062,50
1590393950.471506,50
1590393950.575518,50
1590393950.679971,50
1590393950.783256,50
1590393950.886086,50
1590393950.989650,50
1590393951.093231,50
1590393951.197268,50
1590393951.299906,50
1590393951.403440,50
1590393951.506552,50
1590393951.609748,51
1590393951.712470,51
1590393951.815936,51
1590393951.919673,51
1590393952.022798,51
1590393952.125910,51
1590393952.229047,51
1590393952.331738,51
1590393952.434709,57
1590393952.538219,57
1590393952.641812,57
1590393952.745577,57
1590393952.848274,58
1590393952.951215,58
1590393953.054478,58
1590393953.157572,59
1590393953.261466,53
1590393953.364687,52
1590393953.468011,52
1590393953.572225,52
1590393953.675399,52
1590393953.778916,52
1590393953.882916,52
1590393953.985752,52
1590393954.088849,52
1590393954.192743,51
1590393954.295815,51
1590393954.399738,51
1590393954.502604,51
1590393954.605642,51
1590393954.709622,51
1590393954.812186,51
1590393954.915894,51
1590393955.018762,51
1590393955.121661,51
1590393955.224408,51
1590393955.328507,51
1590393955.431188,51
1590393955.534643,51
1590393955.638312,52
1590393955.742063,51
1590393955.845612,51
1590393955.948567,51
1590393956.051215,51
1590393956.154745,51
1590393956.257949,52
1590393956.360948,53
1590393956.463931,53
1590393956.567114,53
1590393956.669816,53
1590393956.773785,53
1590393956.876276,53
1590393956.979117,53
1590393957.082547,53
1590393957.185614,59
1590393957.288796,59
1590393957.392339,59
1590393957.495400,59
1590393957.598317,59
1590393957.701442,59
1590393957.804882,59
1590393957.907907,59
1590393958.010576,59
1590393958.113407,53
1590393958.216504,53
1590393958.319633,53
1590393958.424543,53
1590393958.527624,53
1590393958.631031,53
1590393958.733700,53
1590393958.837708,53
1590393958.940883,52
1590393959.043847,52
1590393959.147309,52
1590393959.250836,52
1590393959.353969,52
1590393959.457556,52
1590393959.560419,52
1590393959.663937,52
1590393959.766921,52
1590393959.869765,53
1590393959.971708,53
1590393960.075568,53
1590393960.178929,53
1590393960.281984,53
1590393960.383842,53
1590393960.486967,53
1590393960.591267,54
1590393960.693342,53
1590393960.797370,53
1590393960.899755,53
1590393961.002332,53
1590393961.105254,54
1590393961.208698,54
1590393961.311945,54
1590393961.415419,54
1590393961.518511,54
1590393961.621386,54
1590393961.724463,54
1590393961.827330,54
1590393961.929862,54
1590393962.033167,60
1590393962.136737,60
1590393962.240457,60
1590393962.343332,60
1590393962.446181,60
1590393962.549064,60
1590393962.652529,60
1590393962.755572,60
1590393962.858652,58
1590393962.962435,54
1590393963.065587,54
1590393963.168318,54
1590393963.271380,54
1590393963.374080,54
1590393963.476699,55
1590393963.580080,55
1590393963.684118,55
1590393963.787174,54
1590393963.890532,54
1590393963.995185,54
1590393964.098392,54
1590393964.201368,54
1590393964.304650,54
1590393964.408333,54
1590393964.511310,54
1590393964.615406,54
1590393964.718598,54
1590393964.821615,54
1590393964.924346,54
1590393965.027498,54
1590393965.129577,54
1590393965.232120,54
1590393965.335046,54
1590393965.438387,54
1590393965.542616,54
1590393965.645452,54
1590393965.749215,54
1590393965.852018,54
1590393965.955333,55
1590393966.058242,55
1590393966.162016,55
1590393966.265379,55
1590393966.368579,55
1590393966.471609,55
1590393966.575484,55
1590393966.678441,55
1590393966.781175,55
1590393966.884959,61
1590393966.988367,62
1590393967.091482,62
1590393967.194017,62
1590393967.296349,62
1590393967.399239,62
1590393967.503115,62
1590393967.607160,62
1590393967.711406,62
1590393967.814607,57
1590393967.917371,56
1590393968.021107,56
1590393968.123905,56
1590393968.226828,56
1590393968.329759,56
1590393968.432727,56
1590393968.535399,56
1590393968.639675,56
1590393968.743446,55
1590393968.846671,55
1590393968.950730,55
1590393969.053437,55
1590393969.157556,55
1590393969.260709,55
1590393969.363832,55
1590393969.466771,55
1590393969.570334,55
1590393969.673784,55
1590393969.777653,55
1590393969.881168,55
1590393969.984368,55
1590393970.087124,55
1590393970.189900,55
1590393970.293829,55
1590393970.396459,55
1590393970.499589,55
1590393970.602850,55
1590393970.705858,56
1590393970.808264,57
1590393970.910991,57
1590393971.015387,57
1590393971.117923,57
1590393971.220547,57
1590393971.323853,57
1590393971.427632,57
1590393971.531374,57
1590393971.634632,57
1590393971.737977,56
1590393971.841649,63
1590393971.944368,63
1590393972.047094,63
1590393972.149807,63
1590393972.252001,63
1590393972.355597,63
1590393972.458396,63
1590393972.561313,63
1590393972.664770,61
1590393972.768496,57
1590393972.871784,57
1590393972.975922,57
1590393973.078968,57
1590393973.182527,57
1590393973.285679,57
1590393973.388140,57
1590393973.490802,57
1590393973.594731,57
1590393973.697769,56
1590393973.801021,57
1590393973.903163,56
1590393974.007197,56
1590393974.109976,56
1590393974.214311,56
1590393974.317917,57
1590393974.419912,56
1590393974.522922,57
1590393974.625410,57
1590393974.728824,57
1590393974.831476,57
1590393974.934356,57
1590393975.037298,57
1590393975.140655,57
1590393975.243876,57
1590393975.346478,57
1590393975.450185,57
1590393975.553453,57
1590393975.656519,57
1590393975.759877,58
1590393975.862488,58
1590393975.966383,58
1590393976.069688,58
1590393976.172474,58
1590393976.275354,58
1590393976.378832,58
1590393976.481490,58
1590393976.584367,58
1590393976.688590,57
1590393976.791677,64
1590393976.895362,64
1590393976.998263,64
1590393977.101552,64
1590393977.205104,64
1590393977.308527,64
1590393977.411317,64
1590393977.515452,65
1590393977.617956,64
1590393977.721016,58
1590393977.823937,58
1590393977.927104,58
1590393978.029757,58
1590393978.132298,58
1590393978.235693,58
1590393978.338494,58
1590393978.442397,59
1590393978.545120,59
1590393978.647955,58
1590393978.751117,58
1590393978.853406,58
1590393978.956625,58
1590393979.059371,58
1590393979.162938,58
1590393979.266740,58
1590393979.369687,58
1590393979.472407,58
1590393979.575282,58
1590393979.678959,58
1590393979.781903,58
1590393979.886036,58
1590393979.988945,58
1590393980.092818,58
1590393980.195872,58
1590393980.301983,58
1590393980.405323,58
1590393980.509255,58
1590393980.612484,58
1590393980.715120,59
1590393980.818115,59
1590393980.920665,59
1590393981.024418,59
1590393981.127560,59
1590393981.230990,59
1590393981.333916,59
1590393981.436280,59
1590393981.539977,59
1590393981.643077,59
1590393981.745687,65
1590393981.849789,65
1590393981.953141,65
1590393982.056657,65
1590393982.160074,65
1590393982.262950,66
1590393982.365620,66
1590393982.468282,66
1590393982.571105,66
1590393982.675534,61
1590393982.778526,60
1590393982.881672,60
1590393982.985168,60
1590393983.087903,60
1590393983.191128,60
1590393983.293947,60
1590393983.397577,60
1590393983.500715,60
1590393983.604853,60
1590393983.707957,59
1590393983.812482,59
1590393983.915600,60
1590393984.019168,59
1590393984.122116,59
1590393984.225415,59
1590393984.328956,59
1590393984.432602,59
1590393984.535396,59
1590393984.639561,59
1590393984.742736,59
1590393984.847277,59
1590393984.949705,58
1590393985.053549,59
1590393985.156814,59
1590393985.260792,59
1590393985.364664,59
1590393985.467869,59
1590393985.571254,59
1590393985.675221,59
1590393985.778306,60
1590393985.882324,60
1590393985.985484,60
1590393986.088581,60
1590393986.192323,61
1590393986.295064,61
1590393986.399097,61
1590393986.501719,61
1590393986.604834,61
1590393986.708754,67
1590393986.811620,67
1590393986.915012,67
1590393987.018540,67
1590393987.121497,67
1590393987.226195,67
1590393987.328825,67
1590393987.431967,67
1590393987.535473,67
1590393987.638602,67
1590393987.741681,61
1590393987.844610,61
1590393987.948173,61
1590393988.051453,61
1590393988.153989,61
1590393988.257046,61
1590393988.361142,61
1590393988.463701,61
1590393988.567932,61
1590393988.671035,61
1590393988.774255,60
1590393988.876891,60
1590393988.979868,60
1590393989.082804,60
1590393989.186658,60
1590393989.290361,60
1590393989.393346,60
1590393989.495708,60
1590393989.598492,60
1590393989.702343,60
1590393989.804185,60
1590393989.908506,60
1590393990.012337,60
1590393990.115253,60
1590393990.218643,60
1590393990.322742,61
1590393990.426480,61
1590393990.529487,61
1590393990.632610,61
1590393990.735433,61
1590393990.838191,63
1590393990.941782,62
1590393991.045219,62
1590393991.148418,62
1590393991.251446,62
1590393991.354455,62
1590393991.457971,62
1590393991.560509,62
1590393991.663446,62
1590393991.766379,69
1590393991.869506,69
1590393991.972569,69
1590393992.076499,69
1590393992.179951,69
1590393992.286824,69
1590393992.390716,69
1590393992.494848,69
1590393992.598464,69
1590393992.702133,69
1590393992.805066,63
1590393992.908552,62
1590393993.011375,62
1590393993.114459,62
1590393993.217078,62
1590393993.321038,62
1590393993.425248,62
1590393993.528404,62
1590393993.631243,62
1590393993.734955,62
1590393993.838934,61
1590393993.942275,61
1590393994.045848,61
1590393994.148569,61
1590393994.251405,61
1590393994.354460,61
1590393994.458155,62
1590393994.561842,62
1590393994.666430,62
1590393994.769914,62
1590393994.873115,62
1590393994.976749,62
1590393995.080827,62
1590393995.184267,62
1590393995.287124,62
1590393995.389514,62
1590393995.494116,62
1590393995.597858,62
1590393995.701502,62
1590393995.804542,62
1590393995.907682,63
1590393996.010863,63
1590393996.113630,63
1590393996.216653,63
1590393996.319947,63
1590393996.423660,63
1590393996.526541,63
1590393996.629582,63
1590393996.732270,63
1590393996.835962,63
1590393996.939554,70
1590393997.042070,70
1590393997.144480,70
1590393997.246947,70
1590393997.350229,70
1590393997.453947,70
1590393997.558117,70
1590393997.661370,70
1590393997.764115,70
1590393997.867145,69
1590393997.971259,63
1590393998.074116,63
1590393998.177574,63
1590393998.279919,63
1590393998.382883,63
1590393998.485859,63
1590393998.588397,64
1590393998.691270,64
1590393998.794101,64
1590393998.897095,64
1590393999.000539,63
1590393999.103317,63
1590393999.207454,63
1590393999.310280,63
1590393999.412906,63
1590393999.516413,63
1590393999.619176,63
1590393999.722222,63
1590393999.825287,63
1590393999.927903,63
1590394000.031821,63
1590394000.135006,63
1590394000.237761,63
1590394000.341272,63
1590394000.444719,63
1590394000.547374,63
1590394000.650255,63
1590394000.753128,63
1590394000.855886,63
1590394000.959955,63
1590394001.062954,64
1590394001.166729,64
1590394001.269578,64
1590394001.372513,64
1590394001.476316,64
1590394001.578592,64
1590394001.681957,64
1590394001.785187,64
1590394001.888425,64
1590394001.991782,65
1590394002.094798,71
1590394002.198406,71
1590394002.304775,71
1590394002.408830,71
1590394002.511490,71
1590394002.614380,71
1590394002.717730,72
1590394002.821330,72
1590394002.924327,73
1590394003.027689,71
1590394003.129841,65
1590394003.232794,65
1590394003.335365,65
1590394003.438106,65
1590394003.541987,65
1590394003.645328,65
1590394003.748398,65
1590394003.851838,65
1590394003.955239,65
1590394004.058071,65
1590394004.161860,66
1590394004.265722,64
1590394004.368579,64
1590394004.472317,64
1590394004.575802,64
1590394004.678868,64
1590394004.781953,64
1590394004.884985,64
1590394004.988196,64
1590394005.091406,64
1590394005.195102,64
1590394005.301587,64
1590394005.404165,64
1590394005.507711,64
1590394005.610633,64
1590394005.714135,64
1590394005.818209,64
1590394005.921590,64
1590394006.024025,64
1590394006.127236,64
1590394006.230468,65
1590394006.334095,65
1590394006.437744,65
1590394006.540999,65
1590394006.644805,65
1590394006.748230,65
1590394006.851355,65
1590394006.954186,65
1590394007.057155,66
1590394007.161910,67
1590394007.265057,73
1590394007.368270,73
1590394007.472386,74
1590394007.575701,73
1590394007.679189,73
1590394007.782923,73
1590394007.885825,73
1590394007.989594,73
1590394008.093486,73
1590394008.196971,72
1590394008.299340,68
1590394008.403129,66
1590394008.506520,66
1590394008.609755,66
1590394008.712965,66
1590394008.816258,66
1590394008.920554,67
1590394009.024262,66
1590394009.127281,66
1590394009.229843,66
1590394009.334407,66
1590394009.437815,66
1590394009.540909,65
1590394009.643492,65
1590394009.746009,65
1590394009.849308,65
1590394009.952415,65
1590394010.054823,65
1590394010.159074,65
1590394010.262549,65
1590394010.365125,65
1590394010.467913,65
1590394010.570809,65
1590394010.675221,65
1590394010.779468,65
1590394010.883407,65
1590394010.986273,65
1590394011.090643,65
1590394011.193819,65
1590394011.297823,65
1590394011.401289,67
1590394011.505123,68
1590394011.609641,67
1590394011.712665,67
1590394011.815492,67
1590394011.918516,67
1590394012.021453,67
1590394012.125176,67
1590394012.228320,67
1590394012.331325,67
1590394012.435549,74
1590394012.539619,74
1590394012.641732,74
1590394012.745156,74
1590394012.848355,74
1590394012.951283,74
1590394013.054041,74
1590394013.157464,74
1590394013.260074,74
1590394013.364069,74
1590394013.467355,73
1590394013.569983,66
1590394013.674261,67
1590394013.778148,67
1590394013.882415,67
1590394013.985256,67
1590394014.088549,67
1590394014.193414,67
1590394014.297185,67
1590394014.399771,67
1590394014.502599,67
1590394014.605897,67
1590394014.709909,66
1590394014.814378,66
1590394014.916471,66
1590394015.019320,66
1590394015.122301,66
1590394015.225487,66
1590394015.329232,66
1590394015.432316,66
1590394015.536367,66
1590394015.639718,66
1590394015.742582,66
1590394015.846331,67
1590394015.949622,67
1590394016.052307,67
1590394016.156644,67
1590394016.259667,67
1590394016.365175,67
1590394016.469529,67
1590394016.577025,67
1590394016.680284,68
1590394016.783216,68
1590394016.886772,68
1590394016.991150,68
1590394017.094727,68
1590394017.198411,68
1590394017.301812,68
1590394017.404902,68
1590394017.508729,67
1590394017.612092,69
1590394017.714709,75
1590394017.817635,75
1590394017.919909,75
1590394018.023191,75
1590394018.125858,75
1590394018.229019,75
1590394018.331971,75
1590394018.435543,75
1590394018.539321,75
1590394018.641753,75
1590394018.744902,74
1590394018.848074,69
1590394018.951633,68
1590394019.054596,68
1590394019.157839,68
1590394019.261457,68
1590394019.363945,68
1590394019.467478,68
1590394019.570416,68
1590394019.674202,68
1590394019.777462,68
1590394019.879871,68
1590394019.982763,67
1590394020.085744,67
1590394020.188741,67
1590394020.291913,67
1590394020.396161,68
1590394020.500918,68
1590394020.603833,68
1590394020.707447,68
1590394020.810422,68
1590394020.913380,68
1590394021.016287,68
1590394021.119305,68
1590394021.222178,68
1590394021.325516,68
1590394021.428095,68
1590394021.530978,68
1590394021.633870,68
1590394021.736762,68
1590394021.840906,68
1590394021.945051,69
1590394022.048402,69
1590394022.151278,69
1590394022.253823,69
1590394022.356752,69
1590394022.460014,69
1590394022.563950,69
1590394022.667037,69
1590394022.770018,69
1590394022.872838,69
1590394022.976042,70
1590394023.078995,76
1590394023.182218,76
1590394023.286745,76
1590394023.390315,76
1590394023.495550,76
1590394023.599655,76
1590394023.703140,76
1590394023.806331,76
1590394023.909210,76
1590394024.013105,75
1590394024.115934,74
1590394024.218850,69
1590394024.321961,69
1590394024.425167,69
1590394024.528503,69
1590394024.631811,69
1590394024.734985,69
1590394024.837854,69
1590394024.941515,71
1590394025.044587,70
1590394025.147407,70
1590394025.250026,70
1590394025.352738,69
1590394025.456862,69
1590394025.560689,69
1590394025.664325,69
1590394025.767670,69
1590394025.870932,69
1590394025.974042,69
1590394026.077684,69
1590394026.180604,69
1590394026.283429,69
1590394026.386110,69
1590394026.491574,69
1590394026.595338,69
1590394026.697719,69
1590394026.801634,69
1590394026.904040,69
1590394027.007186,69
1590394027.110254,69
1590394027.213312,70
1590394027.316183,71
1590394027.418628,70
1590394027.521545,70
1590394027.625325,70
1590394027.728389,70
1590394027.831474,70
1590394027.934564,70
1590394028.038282,70
1590394028.142116,70
1590394028.246577,71
1590394028.349410,70
1590394028.452329,77
1590394028.555171,77
1590394028.659079,77
1590394028.763339,77
1590394028.868892,77
1590394028.974361,77
1590394029.077315,78
1590394029.181302,77
1590394029.283949,77
1590394029.386968,76
1590394029.490849,75
1590394029.593386,71
1590394029.696268,71
1590394029.799424,71
1590394029.902483,71
1590394030.005651,71
1590394030.109448,71
1590394030.212321,71
1590394030.316375,71
1590394030.419268,71
1590394030.522258,71
1590394030.625907,71
1590394030.729507,70
1590394030.833494,70
1590394030.937119,70
1590394031.040884,71
1590394031.145041,70
1590394031.249007,70
1590394031.352953,70
1590394031.457026,70
1590394031.560719,70
1590394031.664797,70
1590394031.767929,71
1590394031.871152,70
1590394031.975031,70
1590394032.078028,70
1590394032.181006,70
1590394032.284581,70
1590394032.388220,70
1590394032.492843,70
1590394032.596429,71
1590394032.700016,71
1590394032.802794,71
1590394032.906084,71
1590394033.009338,71
1590394033.112895,71
1590394033.216587,71
1590394033.319427,71
1590394033.422330,71
1590394033.525991,71
1590394033.628260,72
1590394033.731459,78
1590394033.834304,78
1590394033.937599,78
1590394034.042023,78
1590394034.144666,78
1590394034.247925,79
1590394034.351732,79
1590394034.455060,79
1590394034.560985,79
1590394034.664230,79
1590394034.767369,78
1590394034.870240,77
1590394034.973840,72
1590394035.076393,72
1590394035.178817,72
1590394035.281258,72
1590394035.384277,72
1590394035.488667,72
1590394035.592559,72
1590394035.695581,72
1590394035.799658,72
1590394035.902599,72
1590394036.006532,72
1590394036.109573,71
1590394036.213922,71
1590394036.317314,71
1590394036.419690,71
1590394036.522804,71
1590394036.626337,71
1590394036.730440,71
1590394036.833704,71
1590394036.937041,71
1590394037.041777,71
1590394037.144884,71
1590394037.248639,71
1590394037.351934,71
1590394037.455551,71
1590394037.559158,71
1590394037.662317,71
1590394037.765674,71
1590394037.869063,71
1590394037.972315,72
1590394038.075551,72
1590394038.178548,72
1590394038.281404,72
1590394038.385046,72
1590394038.489326,72
1590394038.592294,72
1590394038.696129,72
1590394038.800470,72
1590394038.903627,72
1590394039.006652,74
1590394039.109593,74
1590394039.212366,80
1590394039.315676,80
1590394039.419250,80
1590394039.523457,80
1590394039.626503,80
1590394039.729101,80
1590394039.831901,80
1590394039.935069,81
1590394040.037964,80
1590394040.141728,79
1590394040.244048,79
1590394040.346428,75
1590394040.449558,73
1590394040.553606,73
1590394040.656498,73
1590394040.759508,73
1590394040.862657,73
1590394040.965651,73
1590394041.068136,73
1590394041.170826,73
1590394041.273832,73
1590394041.376392,73
1590394041.480189,73
1590394041.582925,72
1590394041.686470,72
1590394041.789533,72
1590394041.893654,72
1590394041.996939,73
1590394042.099691,72
1590394042.203141,72
1590394042.307364,72
1590394042.410072,72
1590394042.513260,73
1590394042.615842,72
1590394042.718790,72
1590394042.822168,72
1590394042.925982,72
1590394043.028970,72
1590394043.132500,72
1590394043.235323,72
1590394043.339049,72
1590394043.441865,73
1590394043.544720,73
1590394043.647331,73
1590394043.750186,74
1590394043.853833,74
1590394043.957529,74
1590394044.060743,74
1590394044.163395,74
1590394044.266275,74
1590394044.370244,74
1590394044.473434,75
1590394044.575925,74
1590394044.679873,81
1590394044.782815,81
1590394044.885798,81
1590394044.988480,81
1590394045.091929,81
1590394045.194670,81
1590394045.298280,81
1590394045.402112,81
1590394045.505868,81
1590394045.609453,80
1590394045.712257,79
1590394045.815428,76
1590394045.919867,74
1590394046.023231,74
1590394046.127099,74
1590394046.230189,74
1590394046.333878,74
1590394046.438118,74
1590394046.542345,74
1590394046.646255,74
1590394046.749368,74
1590394046.852753,73
1590394046.956497,74
1590394047.059397,73
1590394047.161976,73
1590394047.265752,73
1590394047.369396,74
1590394047.472855,73
1590394047.577008,73
1590394047.680167,73
1590394047.783419,73
1590394047.888094,73
1590394047.990858,73
1590394048.094595,73
1590394048.197679,73
1590394048.302630,73
1590394048.405958,73
1590394048.508947,73
1590394048.611897,73
1590394048.715084,74
1590394048.817877,74
1590394048.921976,75
1590394049.026484,75
1590394049.129714,76
1590394049.232327,75
1590394049.334786,75
1590394049.438557,75
1590394049.541501,75
1590394049.644394,75
1590394049.746983,75
1590394049.849773,75
1590394049.953411,77
1590394050.057132,76
1590394050.161526,82
1590394050.264063,82
1590394050.368365,82
1590394050.472365,82
1590394050.575654,82
1590394050.678837,82
1590394050.781773,82
1590394050.885287,82
1590394050.988842,82
1590394051.092299,81
1590394051.195974,81
1590394051.299018,79
1590394051.401932,75
1590394051.505964,75
1590394051.608499,75
1590394051.711231,75
1590394051.813901,75
1590394051.916296,75
1590394052.019173,75
1590394052.122332,75
1590394052.225266,75
1590394052.327956,75
1590394052.430837,75
1590394052.534008,75
1590394052.636534,74
1590394052.739716,74
1590394052.842008,74
1590394052.945499,74
1590394053.048862,75
1590394053.151306,74
1590394053.254402,74
1590394053.357090,74
1590394053.459833,74
1590394053.563211,74
1590394053.666946,75
1590394053.770392,75
1590394053.873434,75
1590394053.977205,75
1590394054.079895,75
1590394054.182957,75
1590394054.285986,75
1590394054.390012,76
1590394054.493577,76
1590394054.597581,76
1590394054.700358,76
1590394054.804019,76
1590394054.907785,76
1590394055.010863,76
1590394055.113817,76
1590394055.216964,76
1590394055.320526,76
1590394055.424446,78
1590394055.527621,78
1590394055.630346,79
1590394055.735420,79
1590394055.839216,79
1590394055.943246,79
1590394056.047115,79
1590394056.149976,80
1590394056.252723,79
1590394056.355669,79
1590394056.458208,79
1590394056.561623,79
1590394056.664274,77
1590394056.767714,77
1590394056.871920,76
1590394056.974881,76
1590394057.077573,76
1590394057.180435,76
1590394057.284630,76
1590394057.387697,76
1590394057.491169,76
1590394057.593465,76
1590394057.696281,76
1590394057.798893,77
1590394057.902849,76
1590394058.005367,76
1590394058.109399,77
1590394058.212695,77
1590394058.315869,77
1590394058.418902,77
1590394058.522745,77
1590394058.626544,78
1590394058.731980,78
1590394058.834755,78
1590394058.939266,78
1590394059.041948,78
1590394059.145012,78
1590394059.247938,78
1590394059.351815,78
1590394059.454891,78
1590394059.559110,79
1590394059.661746,78
1590394059.764129,78
1590394059.867865,78
1590394059.971635,78
1590394060.074603,78
1590394060.178027,78
1590394060.281061,78
1590394060.385708,78
1590394060.488917,78
1590394060.591360,76
1590394060.695214,77
1590394060.798907,77
1590394060.902596,77
1590394061.006971,77
1590394061.109940,77
1590394061.213245,77
1590394061.316969,77
1590394061.420473,77
1590394061.524425,77
1590394061.628429,77
1590394061.732165,77
1590394061.835260,76
1590394061.937955,76
1590394062.041640,76
1590394062.145480,76
1590394062.248293,76
1590394062.351100,76
1590394062.454933,76
1590394062.557845,76
1590394062.661404,76
1590394062.764685,76
1590394062.868084,76
1590394062.971807,76
1590394063.075264,76
1590394063.178686,76
1590394063.281734,76
1590394063.385314,76
1590394063.489118,76
1590394063.593103,76
1590394063.699402,78
1590394063.802296,78
1590394063.905511,78
1590394064.008279,78
1590394064.111239,78
1590394064.213927,78
1590394064.318029,78
1590394064.421007,78
1590394064.524294,78
1590394064.627571,79
1590394064.730344,79
1590394064.833211,80
1590394064.936560,85
1590394065.040679,85
1590394065.143519,85
1590394065.247562,85
1590394065.350713,85
1590394065.454728,85
1590394065.558305,85
1590394065.661989,85
1590394065.765084,85
1590394065.869199,84
1590394065.972501,84
1590394066.075964,84
1590394066.179599,79
1590394066.282553,78
1590394066.388812,78
1590394066.492531,78
1590394066.595387,78
1590394066.698438,78
1590394066.801612,78
1590394066.905389,78
1590394067.008660,79
1590394067.111876,78
1590394067.214806,78
1590394067.317720,78
1590394067.421495,78
1590394067.524294,77
1590394067.627226,77
1590394067.730479,77
1590394067.833864,77
1590394067.937254,77
1590394068.040829,77
1590394068.144316,77
1590394068.247450,77
1590394068.350843,77
1590394068.453765,77
1590394068.556300,77
1590394068.659185,77
1590394068.761968,77
1590394068.865295,79
1590394068.968490,78
1590394069.071944,78
1590394069.175074,78
1590394069.278503,79
1590394069.381462,79
1590394069.483604,79
1590394069.586425,79
1590394069.689998,79
1590394069.793357,79
1590394069.896439,79
1590394070.000663,79
1590394070.103249,79
1590394070.206701,80
1590394070.309298,80
1590394070.412765,80
1590394070.515876,86
1590394070.619719,86
1590394070.724239,86
1590394070.827053,86
1590394070.929407,86
1590394071.031854,86
1590394071.135482,86
1590394071.238589,86
1590394071.341670,86
1590394071.445229,86
1590394071.548290,85
1590394071.651657,85
1590394071.754862,85
1590394071.858000,79
1590394071.961613,78
1590394072.065222,79
1590394072.168157,79
1590394072.271339,79
1590394072.375952,79
1590394072.479847,79
1590394072.582944,79
1590394072.685657,79
1590394072.789187,79
1590394072.892549,79
1590394072.995761,79
1590394073.099088,79
1590394073.202040,78
1590394073.305320,78
1590394073.408419,78
1590394073.512272,77
1590394073.615325,78
1590394073.718334,78
1590394073.820762,78
1590394073.924717,78
1590394074.028055,79
1590394074.130475,79
1590394074.233149,79
1590394074.336402,79
1590394074.439484,79
1590394074.542910,79
1590394074.646795,79
1590394074.750359,79
1590394074.852951,79
1590394074.956783,80
1590394075.059470,80
1590394075.162475,80
1590394075.266242,80
1590394075.369158,80
1590394075.472874,80
1590394075.575783,80
1590394075.678636,80
1590394075.781514,80
1590394075.885065,81
1590394075.988922,81
1590394076.092568,81
1590394076.195502,87
1590394076.298084,87
1590394076.401101,87
1590394076.504634,87
1590394076.608146,87
1590394076.711241,87
1590394076.814414,87
1590394076.917893,87
1590394077.020582,87
1590394077.124319,87
1590394077.227645,86
1590394077.331062,86
1590394077.433912,86
1590394077.537858,80
1590394077.641344,80
1590394077.744825,80
1590394077.847725,80
1590394077.950890,80
1590394078.053702,80
1590394078.156635,80
1590394078.259579,80
1590394078.362174,80
1590394078.465302,80
1590394078.568662,80
1590394078.672185,80
1590394078.775258,80
1590394078.879203,79
1590394078.981780,79
1590394079.084186,79
1590394079.186744,79
1590394079.289987,80
1590394079.394477,80
1590394079.497659,81
1590394079.599993,80
1590394079.703557,80
1590394079.806700,80
1590394079.909713,80
1590394080.012918,80
1590394080.116733,80
1590394080.219333,80
1590394080.323937,80
1590394080.426895,80
1590394080.529356,80
1590394080.632562,81
1590394080.735764,81
1590394080.839874,81
1590394080.942872,81
1590394081.045721,81
1590394081.148257,81
1590394081.251171,81
1590394081.354479,81
1590394081.458032,81
1590394081.561626,82
1590394081.664379,82
1590394081.768104,82
1590394081.871291,88
1590394081.975019,88
1590394082.077865,88
1590394082.180287,88
1590394082.283432,88
1590394082.386045,88
1590394082.489616,88
1590394082.593030,88
1590394082.695390,88
1590394082.798838,88
1590394082.902328,87
1590394083.006153,87
1590394083.109936,87
1590394083.213501,82
1590394083.316568,81
1590394083.419332,81
1590394083.522972,81
1590394083.625793,81
1590394083.728635,81
1590394083.831704,81
1590394083.935306,81
1590394084.038101,81
1590394084.142121,81
1590394084.245510,81
1590394084.348489,81
1590394084.451571,81
1590394084.554395,80
1590394084.656833,81
1590394084.759440,81
1590394084.863006,81
1590394084.965842,81
1590394085.069326,81
1590394085.172612,81
1590394085.275383,81
1590394085.378489,81
1590394085.481605,81
1590394085.584284,81
1590394085.687526,81
1590394085.791061,82
1590394085.894152,81
1590394085.997368,81
1590394086.099742,81
1590394086.203344,81
1590394086.306553,82
1590394086.409369,82
1590394086.513495,82
1590394086.616669,82
1590394086.719580,82
1590394086.822591,82
1590394086.925618,82
1590394087.029630,82
1590394087.132366,82
1590394087.234724,82
1590394087.337847,84
1590394087.440640,84
1590394087.544078,84
1590394087.647860,85
1590394087.751396,85
1590394087.854980,85
1590394087.958025,85
1590394088.060904,85
1590394088.164938,86
1590394088.268388,85
1590394088.372360,85
1590394088.476560,85
1590394088.580010,83
1590394088.683522,83
1590394088.786046,83
1590394088.889190,83
1590394088.991671,82
1590394089.094377,82
1590394089.198317,82
1590394089.302190,82
1590394089.404790,82
1590394089.508395,82
1590394089.611373,82
1590394089.714332,82
1590394089.818303,82
1590394089.922693,82
1590394090.026491,83
1590394090.128970,83
1590394090.233554,83
1590394090.336742,84
1590394090.439151,84
1590394090.543327,84
1590394090.645969,84
1590394090.749566,84
1590394090.852325,84
1590394090.955896,84
1590394091.058496,84
1590394091.161876,84
1590394091.265427,84
1590394091.368299,84
1590394091.471240,84
1590394091.574069,84
1590394091.676617,84
1590394091.780617,84
1590394091.883473,84
1590394091.987497,84
1590394092.090968,85
1590394092.193517,84
1590394092.297327,84
1590394092.400362,84
1590394092.504256,84
1590394092.607256,84
1590394092.710197,84
1590394092.813061,84
1590394092.919129,84
1590394093.023138,83
1590394093.125961,83
1590394093.229004,83
1590394093.331594,83
1590394093.435344,83
1590394093.538052,84
1590394093.642094,83
1590394093.746056,83
1590394093.849802,83
1590394093.953192,83
1590394094.056714,83
1590394094.159382,83
1590394094.263558,83
1590394094.366435,82
1590394094.470082,82
1590394094.573945,82
1590394094.677399,82
1590394094.780363,82
1590394094.883247,82
1590394094.985860,82
1590394095.088963,82
1590394095.192208,82
1590394095.296685,82
1590394095.399546,82
1590394095.502686,83
1590394095.605443,84
1590394095.707441,83
1590394095.810294,83
1590394095.913601,83
1590394096.016792,84
1590394096.120520,84
1590394096.223346,84
1590394096.326817,84
1590394096.430126,84
1590394096.532744,84
1590394096.635795,84
1590394096.738923,84
1590394096.842240,84
1590394096.945939,85
1590394097.050431,86
1590394097.152962,86
1590394097.256896,86
1590394097.360083,85
1590394097.464358,87
1590394097.567337,87
1590394097.671499,87
1590394097.775000,87
1590394097.878192,87
1590394097.980652,87
1590394098.084185,87
1590394098.187400,87
1590394098.291646,87
1590394098.394307,85
1590394098.498519,85
1590394098.601913,85
1590394098.705093,85
1590394098.809149,84
1590394098.912238,84
1590394099.015343,84
1590394099.118647,84
1590394099.222029,84
1590394099.325010,84
1590394099.427383,84
1590394099.531040,85
1590394099.634111,84
1590394099.736716,84
1590394099.840324,84
1590394099.943380,84
1590394100.046570,84
1590394100.150484,85
1590394100.253868,85
1590394100.356251,85
1590394100.460206,85
1590394100.563002,85
1590394100.665541,85
1590394100.768326,85
1590394100.872473,85
1590394100.975435,86
1590394101.078639,86
1590394101.181845,86
1590394101.284303,86
1590394101.387358,86
1590394101.490727,86
1590394101.593459,86
1590394101.696431,86
1590394101.799487,86
1590394101.902640,86
1590394102.005440,86
1590394102.109475,86
1590394102.213540,86
1590394102.316873,86
1590394102.420502,86
1590394102.523999,86
1590394102.627229,86
1590394102.731044,86
1590394102.833978,86
1590394102.936861,85
1590394103.039618,85
1590394103.142776,85
1590394103.245308,85
1590394103.348598,85
1590394103.451366,85
1590394103.555357,85
1590394103.658660,86
1590394103.762079,85
1590394103.865372,85
1590394103.968303,85
1590394104.072773,85
1590394104.176095,85
1590394104.279378,84
1590394104.383207,84
1590394104.486062,84
1590394104.589587,84
1590394104.693335,84
1590394104.797265,84
1590394104.900759,84
1590394105.003330,84
1590394105.106390,84
1590394105.208765,85
1590394105.312445,84
1590394105.416350,84
1590394105.519331,84
1590394105.622307,84
1590394105.724660,84
1590394105.827702,84
1590394105.929892,85
1590394106.033027,85
1590394106.136367,85
1590394106.239422,85
1590394106.342429,85
1590394106.446076,85
1590394106.549350,87
1590394106.652685,86
1590394106.756474,86
1590394106.859629,86
1590394106.963267,87
1590394107.066711,87
1590394107.170977,87
1590394107.274766,86
1590394107.376539,93
1590394107.480577,93
1590394107.583295,94
1590394107.686058,93
1590394107.789562,93
1590394107.892651,93
1590394107.995519,93
1590394108.098478,93
1590394108.201537,93
1590394108.305428,92
1590394108.408527,92
1590394108.512599,92
1590394108.615343,92
1590394108.718296,87
1590394108.821919,86
1590394108.927070,86
1590394109.029889,86
1590394109.133461,86
1590394109.235720,86
1590394109.339827,86
1590394109.442359,86
1590394109.545104,86
1590394109.647990,86
1590394109.751382,86
1590394109.855201,85
1590394109.958269,86
1590394110.061442,86
1590394110.164358,85
1590394110.267125,85
1590394110.369999,85
1590394110.474252,85
1590394110.577517,85
1590394110.680657,85
1590394110.783558,85
1590394110.886014,85
1590394110.989385,85
1590394111.092313,85
1590394111.195381,85
1590394111.298061,85
1590394111.401727,85
1590394111.505385,85
1590394111.609409,85
1590394111.711805,85
1590394111.816235,86
1590394111.920179,86
1590394112.023369,86
1590394112.127256,86
1590394112.230377,87
1590394112.333897,87
1590394112.437710,87
1590394112.540418,87
1590394112.644697,87
1590394112.748021,88
1590394112.851022,88
1590394112.954125,88
1590394113.057398,88
1590394113.161251,94
1590394113.263513,94
1590394113.367426,94
1590394113.470089,94
1590394113.573571,94
1590394113.676244,94
1590394113.780684,94
1590394113.884257,94
1590394113.988515,94
1590394114.091421,94
1590394114.194281,93
1590394114.297626,93
1590394114.400135,93
1590394114.502732,93
1590394114.606104,88
1590394114.709491,87
1590394114.812250,87
1590394114.915291,87
1590394115.017327,88
1590394115.120806,87
1590394115.223933,87
1590394115.326950,87
1590394115.430909,87
1590394115.534933,87
1590394115.637818,87
1590394115.741042,87
1590394115.843858,87
1590394115.947815,87
1590394116.050747,86
1590394116.153889,86
1590394116.257678,86
1590394116.360312,86
1590394116.464667,86
1590394116.567815,86
1590394116.670615,86
1590394116.774562,86
1590394116.877615,86
1590394116.981473,86
1590394117.084960,86
1590394117.187512,86
1590394117.291424,86
1590394117.394996,86
1590394117.498002,86
1590394117.601226,86
1590394117.704614,87
1590394117.807633,87
1590394117.910148,88
1590394118.012827,88
1590394118.115431,88
1590394118.218279,88
1590394118.322330,88
1590394118.425943,88
1590394118.528960,88
1590394118.632745,88
1590394118.735946,89
1590394118.839230,89
1590394118.942187,89
1590394119.046048,88
1590394119.149807,95
1590394119.252625,95
1590394119.355603,95
1590394119.458539,95
1590394119.560505,95
1590394119.663400,95
1590394119.766355,95
1590394119.869433,95
1590394119.973122,95
1590394120.075745,94
1590394120.179447,94
1590394120.282438,95
1590394120.386090,94
1590394120.489433,92
1590394120.591792,88
1590394120.694762,88
1590394120.798517,88
1590394120.901442,88
1590394121.005015,88
1590394121.108079,88
1590394121.211372,88
1590394121.314769,88
1590394121.418898,88
1590394121.522732,88
1590394121.625652,88
1590394121.728303,88
1590394121.831364,88
1590394121.933909,88
1590394122.037955,87
1590394122.141896,87
1590394122.244581,87
1590394122.347232,87
1590394122.450051,87
1590394122.552653,87
1590394122.655950,87
1590394122.759093,87
1590394122.862564,87
1590394122.965528,87
1590394123.068439,87
1590394123.172656,87
1590394123.276710,87
1590394123.380149,87
1590394123.483183,87
1590394123.586027,88
1590394123.689601,89
1590394123.794111,89
1590394123.897888,89
1590394124.000560,89
1590394124.104994,90
1590394124.208941,89
1590394124.312009,89
1590394124.416202,89
1590394124.520565,89
1590394124.623896,90
1590394124.726785,90
1590394124.829518,90
1590394124.933014,90
1590394125.036372,96
1590394125.139975,96
1590394125.243047,96
1590394125.346041,96
1590394125.448760,96
1590394125.553386,96
1590394125.655964,95
1590394125.759924,96
1590394125.864377,96
1590394125.967307,96
1590394126.071446,95
1590394126.174848,95
1590394126.277682,95
1590394126.381286,95
1590394126.484210,90
1590394126.588010,89
1590394126.694505,89
1590394126.797388,89
1590394126.901306,89
1590394127.005214,89
1590394127.108782,89
1590394127.212490,89
1590394127.315430,89
1590394127.417997,89
1590394127.522293,89
1590394127.626069,89
1590394127.728906,89
1590394127.832685,89
1590394127.936096,88
1590394128.039927,88
1590394128.142692,88
1590394128.245570,88
1590394128.349726,88
1590394128.453317,88
1590394128.557181,88
1590394128.660391,88
1590394128.763688,88
1590394128.866262,88
1590394128.969313,88
1590394129.071896,88
1590394129.175127,88
1590394129.278514,88
1590394129.381364,88
1590394129.485312,88
1590394129.587871,90
1590394129.690743,90
1590394129.794069,90
1590394129.897876,90
1590394130.001464,90
1590394130.105526,90
1590394130.209553,90
1590394130.313221,90
1590394130.416446,90
1590394130.519597,91
1590394130.623005,91
1590394130.726622,91
1590394130.829923,91
1590394130.934016,91
1590394131.038103,97
1590394131.143079,97
1590394131.246037,97
1590394131.349558,97
1590394131.452354,97
1590394131.556327,97
1590394131.659989,97
1590394131.763327,97
1590394131.867146,97
1590394131.970368,96
1590394132.074510,96
1590394132.177617,96
1590394132.280071,96
1590394132.384124,96
1590394132.487198,89
1590394132.590473,90
1590394132.694817,90
1590394132.797896,90
1590394132.900794,90
1590394133.004097,90
1590394133.107413,90
1590394133.210802,90
1590394133.314289,90
1590394133.417432,90
1590394133.520643,90
1590394133.624086,90
1590394133.727333,90
1590394133.829695,90
1590394133.934832,89
1590394134.038492,89
1590394134.141893,89
1590394134.245130,89
1590394134.348420,89
1590394134.451648,89
1590394134.555201,89
1590394134.658755,89
1590394134.762950,89
1590394134.866273,90
1590394134.970239,89
1590394135.074492,89
1590394135.178148,89
1590394135.280987,89
1590394135.385310,89
1590394135.489260,90
1590394135.592326,91
1590394135.696830,91
1590394135.801342,91
1590394135.905493,91
1590394136.009468,91
1590394136.112539,91
1590394136.215207,91
1590394136.319279,91
1590394136.423959,91
1590394136.527092,92
1590394136.630256,92
1590394136.732969,92
1590394136.836579,93
1590394136.939581,92
1590394137.043298,98
1590394137.145605,98
1590394137.248343,98
1590394137.351320,98
1590394137.454518,98
1590394137.557536,98
1590394137.660562,99
1590394137.763268,98
1590394137.865653,98
1590394137.968579,97
1590394138.072492,97
1590394138.175422,97
1590394138.278491,97
1590394138.381470,97
1590394138.484248,94
1590394138.587771,91
1590394138.691110,91
1590394138.794669,91
1590394138.898487,90
1590394139.000829,91
1590394139.103313,91
1590394139.207256,91
1590394139.309999,91
1590394139.413018,91
1590394139.516901,91
1590394139.620466,91
1590394139.723391,91
1590394139.826254,91
1590394139.929790,91
1590394140.032766,90
1590394140.135444,90
1590394140.239399,90
1590394140.343162,90
1590394140.446649,90
1590394140.550324,90
1590394140.653859,90
1590394140.758470,90
1590394140.861504,90
1590394140.964343,90
1590394141.067174,90
1590394141.170821,90
1590394141.274288,90
1590394141.377321,90
1590394141.480359,91
1590394141.583297,92
1590394141.686218,92
1590394141.789474,93
1590394141.892473,92
1590394141.995647,92
1590394142.099030,92
1590394142.201941,92
1590394142.305257,92
1590394142.408680,92
1590394142.512281,92
1590394142.615312,93
1590394142.719029,93
1590394142.822565,93
1590394142.925138,93
1590394143.029492,92
1590394143.132349,99
1590394143.236029,99
1590394143.339240,99
1590394143.442890,99
1590394143.546730,99
1590394143.649848,99
1590394143.753826,99
1590394143.856974,99
1590394143.960587,99
1590394144.064132,98
1590394144.167454,98
1590394144.271533,98
1590394144.374746,98
1590394144.477595,98
1590394144.581318,91
1590394144.684521,92
1590394144.788314,92
1590394144.891911,92
1590394144.995418,92
1590394145.097630,92
1590394145.200298,92
1590394145.303714,92
1590394145.406843,92
1590394145.510783,92
1590394145.614244,92
1590394145.717220,92
1590394145.820350,92
1590394145.922862,92
1590394146.026439,92
1590394146.129877,91
1590394146.232761,91
1590394146.335779,91
1590394146.438755,91
1590394146.541768,91
1590394146.645853,91
1590394146.748208,91
1590394146.852332,91
1590394146.956487,91
1590394147.061001,91
1590394147.163860,91
1590394147.266848,91
1590394147.370270,91
1590394147.474663,91
1590394147.578160,92
1590394147.682050,93
1590394147.785094,93
1590394147.889156,94
1590394147.992566,93
1590394148.095688,93
1590394148.198041,93
1590394148.300507,93
1590394148.404187,93
1590394148.507138,93
1590394148.609896,94
1590394148.712689,93
1590394148.815756,94
1590394148.918797,94
1590394149.021976,94
1590394149.125220,100
1590394149.228504,99
1590394149.331329,99
1590394149.434126,99
1590394149.537974,99
1590394149.641504,99
1590394149.744911,99
1590394149.848627,99
1590394149.952355,99
1590394150.055401,99
1590394150.158187,98
1590394150.260477,98
1590394150.365463,98
1590394150.468739,98
1590394150.572558,98
1590394150.675352,93
1590394150.778855,92
1590394150.883019,92
1590394150.986790,92
1590394151.089817,92
1590394151.193754,93
1590394151.296238,92
1590394151.399890,92
1590394151.503754,92
1590394151.606423,92
1590394151.709409,92
1590394151.812718,92
1590394151.916583,92
1590394152.020188,92
1590394152.123949,92
1590394152.227397,90
1590394152.329874,83
1590394152.432382,77
1590394152.535170,70
1590394152.639837,63
1590394152.743399,58
1590394152.847055,51
1590394152.949770,46
1590394153.052678,46
1590394153.155404,46
1590394153.258794,46
1590394153.361838,46
1590394153.464825,46
1590394153.568681,46
1590394153.671435,46
1590394153.774405,47
1590394153.877255,47
1590394153.980051,47
1590394154.083318,47
1590394154.186437,47
1590394154.289184,47
1590394154.392684,47
1590394154.495306,53
1590394154.599211,53
1590394154.702411,53
1590394154.805554,53
1590394154.907916,53
1590394155.010759,53
1590394155.114855,53
1590394155.217892,54
1590394155.321897,49
1590394155.425787,48
1590394155.529063,48
1590394155.631733,48
1590394155.735018,48
1590394155.837773,48
1590394155.941344,48
1590394156.045236,48
1590394156.149058,47
1590394156.253593,47
1590394156.356975,46
1590394156.459859,47
1590394156.563108,47
1590394156.667359,47
1590394156.771007,47
1590394156.873888,47
1590394156.977405,47
1590394157.080514,47
1590394157.183323,47
1590394157.287635,47
1590394157.391794,47
1590394157.494950,47
1590394157.597893,47
1590394157.701171,47
1590394157.803648,47
1590394157.908945,47
1590394158.012344,47
1590394158.115875,47
1590394158.218791,47
1590394158.321734,48
1590394158.424989,49
1590394158.527889,49
1590394158.630702,49
1590394158.733414,49
1590394158.837336,49
1590394158.940408,50
1590394159.043458,49
1590394159.145779,55
1590394159.248753,55
1590394159.352188,55
1590394159.455104,55
1590394159.558159,55
1590394159.661427,55
1590394159.764872,55
1590394159.868264,55
1590394159.971399,49
1590394160.073887,49
1590394160.177169,49
1590394160.280346,49
1590394160.383033,49
1590394160.485874,48
1590394160.589802,49
1590394160.692810,49
1590394160.795413,48
1590394160.898977,48
1590394161.002121,48
1590394161.105031,48
1590394161.207924,48
1590394161.311423,48
1590394161.413651,48
1590394161.517623,48
1590394161.621075,48
1590394161.724561,49
1590394161.828218,49
1590394161.931379,49
1590394162.034605,49
1590394162.137734,49
1590394162.240691,49
1590394162.344185,49
1590394162.447732,49
1590394162.550675,49
1590394162.653636,49
1590394162.756699,49
1590394162.859768,49
1590394162.962149,49
1590394163.065169,50
1590394163.168886,50
1590394163.273785,50
1590394163.376810,49
1590394163.479860,50
1590394163.582909,50
1590394163.685904,50
1590394163.788585,49
1590394163.891586,56
1590394163.995392,56
1590394164.100024,56
1590394164.203620,56
1590394164.306425,56
1590394164.410078,57
1590394164.512287,56
1590394164.615522,54
1590394164.718536,50
1590394164.821629,50
1590394164.923926,50
1590394165.026877,51
1590394165.130231,51
1590394165.232559,51
1590394165.335071,51
1590394165.438744,51
1590394165.542689,50
1590394165.645427,50
1590394165.748892,50
1590394165.852395,50
1590394165.955462,50
1590394166.059102,50
1590394166.161980,50
1590394166.265272,50
1590394166.367736,50
1590394166.471232,51
1590394166.574311,50
1590394166.677368,50
1590394166.779951,50
1590394166.882599,50
1590394166.987023,50
1590394167.089911,50
1590394167.192095,50
1590394167.296097,50
1590394167.399408,50
1590394167.502361,50
1590394167.605137,50
1590394167.709276,51
1590394167.811724,52
1590394167.915372,51
1590394168.018680,51
1590394168.122942,51
1590394168.225851,51
1590394168.329119,50
1590394168.432361,52
1590394168.535271,58
1590394168.638186,58
1590394168.740396,58
1590394168.843380,58
1590394168.947240,58
1590394169.050560,58
1590394169.153970,58
1590394169.256722,58
1590394169.359465,57
1590394169.464055,52
1590394169.567871,52
1590394169.671058,52
1590394169.774872,52
1590394169.878088,52
1590394169.981193,52
1590394170.084387,52
1590394170.187660,52
1590394170.291127,51
1590394170.394665,51
1590394170.498458,51
1590394170.602597,51
1590394170.706862,51
1590394170.811453,51
1590394170.914013,51
1590394171.017651,51
1590394171.121165,51
1590394171.224684,51
1590394171.328009,51
1590394171.431106,51
1590394171.533910,51
1590394171.637155,51
1590394171.740394,51
1590394171.843359,52
1590394171.947136,52
1590394172.049968,52
1590394172.153152,52
1590394172.256473,52
1590394172.359465,53
1590394172.462453,53
1590394172.565270,53
1590394172.668543,53
1590394172.771645,53
1590394172.874826,53
1590394172.977749,53
1590394173.080791,53
1590394173.183675,54
1590394173.287614,53
1590394173.390732,59
1590394173.495441,59
1590394173.598077,59
1590394173.700838,59
1590394173.804435,59
1590394173.908246,59
1590394174.010885,59
1590394174.115046,59
1590394174.218892,54
1590394174.322672,53
1590394174.425553,53
1590394174.528290,53
1590394174.632085,54
1590394174.735632,53
1590394174.839118,53
1590394174.942369,53
1590394175.045557,53
1590394175.148329,52
1590394175.250788,52
1590394175.354073,53
1590394175.457431,53
1590394175.560556,53
1590394175.663981,53
1590394175.767034,53
1590394175.869793,53
1590394175.973562,53
1590394176.076138,53
1590394176.178634,53
1590394176.281758,53
1590394176.385378,53
1590394176.488396,53
1590394176.591701,53
1590394176.695889,53
1590394176.798775,53
1590394176.902683,53
1590394177.007630,53
1590394177.110520,53
1590394177.213439,53
1590394177.317082,54
1590394177.420846,54
1590394177.524204,54
1590394177.627215,54
1590394177.729340,54
1590394177.831759,54
1590394177.935845,54
1590394178.039153,55
1590394178.142717,60
1590394178.245952,60
1590394178.348388,60
1590394178.451198,60
1590394178.554878,60
1590394178.657994,60
1590394178.761030,60
1590394178.864597,60
1590394178.967738,61
1590394179.070811,55
1590394179.173722,55
1590394179.277259,55
1590394179.380938,55
1590394179.483416,55
1590394179.586622,55
1590394179.689381,55
1590394179.792702,55
1590394179.895644,55
1590394179.998817,54
1590394180.102301,54
1590394180.205204,54
1590394180.308045,54
1590394180.411879,54
1590394180.515916,54
1590394180.619634,54
1590394180.723526,54
1590394180.826433,54
1590394180.929502,54
1590394181.033038,54
1590394181.135543,54
1590394181.238600,54
1590394181.343194,54
1590394181.446061,54
1590394181.549326,54
1590394181.652657,54
1590394181.755884,54
1590394181.858979,54
1590394181.962079,54
1590394182.065216,54
1590394182.167567,55
1590394182.271027,55
1590394182.374680,55
1590394182.477523,55
1590394182.580516,56
1590394182.683345,56
1590394182.787212,56
1590394182.891408,56
1590394182.994095,62
1590394183.096462,62
1590394183.199709,62
1590394183.303961,62
1590394183.407132,62
1590394183.510278,62
1590394183.613696,62
1590394183.716196,62
1590394183.821321,62
1590394183.925020,57
1590394184.027951,56
1590394184.131087,56
1590394184.234086,56
1590394184.337482,56
1590394184.441294,56
1590394184.544541,56
1590394184.647424,56
1590394184.751586,56
1590394184.855046,55
1590394184.958849,55
1590394185.061741,55
1590394185.165981,55
1590394185.269794,55
1590394185.373120,55
1590394185.475723,55
1590394185.578911,55
1590394185.682564,56
1590394185.786433,55
1590394185.889821,55
1590394185.992946,55
1590394186.096495,55
1590394186.199936,56
1590394186.303854,56
1590394186.406686,56
1590394186.509713,56
1590394186.613510,56
1590394186.717059,56
1590394186.820572,56
1590394186.923935,56
1590394187.026828,57
1590394187.129967,57
1590394187.233999,57
1590394187.337313,57
1590394187.440144,57
1590394187.543054,57
1590394187.646444,57
1590394187.750313,57
1590394187.854113,57
1590394187.956767,63
1590394188.060131,63
1590394188.164337,63
1590394188.267339,64
1590394188.370488,63
1590394188.474437,63
1590394188.578826,63
1590394188.682522,63
1590394188.785494,63
1590394188.889548,56
1590394188.993219,57
1590394189.096784,57
1590394189.199470,57
1590394189.303452,57
1590394189.406430,57
1590394189.509648,57
1590394189.612725,57
1590394189.717264,57
1590394189.820629,56
1590394189.924941,56
1590394190.028463,56
1590394190.131879,57
1590394190.234905,57
1590394190.338576,57
1590394190.441584,57
1590394190.543942,57
1590394190.646924,57
1590394190.750708,57
1590394190.855216,57
1590394190.958439,57
1590394191.061092,57
1590394191.163427,57
1590394191.266799,57
1590394191.370104,57
1590394191.472680,57
1590394191.576042,57
1590394191.678810,57
1590394191.782323,57
1590394191.886108,57
1590394191.988523,58
1590394192.091410,58
1590394192.195206,58
1590394192.298226,58
1590394192.401134,58
1590394192.506124,58
1590394192.609382,58
1590394192.713051,58
1590394192.815758,59
1590394192.919070,64
1590394193.022881,64
1590394193.126240,64
1590394193.229853,64
1590394193.333336,64
1590394193.436766,64
1590394193.540207,64
1590394193.643108,64
1590394193.747355,64
1590394193.850219,57
1590394193.952955,59
1590394194.056639,59
1590394194.159343,59
1590394194.262304,59
1590394194.365623,59
1590394194.469853,59
1590394194.572590,59
1590394194.676186,59
1590394194.778804,59
1590394194.882004,58
1590394194.985112,58
1590394195.088366,58
1590394195.191379,58
1590394195.293995,58
1590394195.396339,58
1590394195.499106,58
1590394195.602085,58
1590394195.705205,58
1590394195.808366,58
1590394195.912041,58
1590394196.015422,58
1590394196.117876,58
1590394196.220866,58
1590394196.325226,58
1590394196.428239,58
1590394196.531116,58
1590394196.634666,58
1590394196.737287,58
1590394196.840725,58
1590394196.943885,59
1590394197.047472,59
1590394197.150963,59
1590394197.254016,59
1590394197.357513,59
1590394197.460821,60
1590394197.564293,59
1590394197.667249,59
1590394197.769576,60
1590394197.872279,66
1590394197.975936,66
1590394198.078764,66
1590394198.181448,66
1590394198.284400,67
1590394198.387346,66
1590394198.489986,66
1590394198.592930,66
1590394198.696311,66
1590394198.799435,64
1590394198.901977,60
1590394199.004908,60
1590394199.108694,60
1590394199.212554,60
1590394199.315403,60
1590394199.419776,60
1590394199.522803,60
1590394199.626776,60
1590394199.729801,60
1590394199.833836,59
1590394199.937622,59
1590394200.040738,59
1590394200.144206,59
1590394200.246558,59
1590394200.349929,59
1590394200.453073,59
1590394200.556238,59
1590394200.659305,59
1590394200.762587,59
1590394200.865548,59
1590394200.967950,59
1590394201.071421,59
1590394201.174871,59
1590394201.277918,59
1590394201.382050,59
1590394201.485737,59
1590394201.590174,58
1590394201.693587,59
1590394201.797307,60
1590394201.901197,61
1590394202.004126,61
1590394202.107120,62
1590394202.209389,61
1590394202.313365,61
1590394202.416687,61
1590394202.520093,61
1590394202.623563,60
1590394202.726377,61
1590394202.829840,61
1590394202.932510,67
1590394203.035640,67
1590394203.139814,67
1590394203.243293,67
1590394203.347095,67
1590394203.449863,67
1590394203.553925,67
1590394203.657526,68
1590394203.759713,67
1590394203.862797,65
1590394203.965089,61
1590394204.069005,61
1590394204.172135,61
1590394204.275757,61
1590394204.379180,61
1590394204.482969,61
1590394204.586119,61
1590394204.689699,61
1590394204.793492,61
1590394204.897359,60
1590394204.999859,60
1590394205.103505,60
1590394205.206631,60
1590394205.309721,60
1590394205.412561,59
1590394205.516402,60
1590394205.619577,60
1590394205.722741,60
1590394205.826477,61
1590394205.929797,61
1590394206.033782,61
1590394206.137322,61
1590394206.240991,61
1590394206.344376,61
1590394206.447407,61
1590394206.550520,61
1590394206.653518,61
1590394206.756377,61
1590394206.860111,61
1590394206.963352,62
1590394207.066989,62
1590394207.170153,62
1590394207.273253,62
1590394207.376231,62
1590394207.479466,62
1590394207.583535,62
1590394207.686159,62
1590394207.788266,62
1590394207.891208,62
1590394207.994021,69
1590394208.097519,69
1590394208.200803,69
1590394208.304935,69
1590394208.409997,69
1590394208.512464,69
1590394208.615097,69
1590394208.718829,69
1590394208.822150,69
1590394208.926193,69
1590394209.030630,62
1590394209.133545,62
1590394209.236790,62
1590394209.340312,62
1590394209.443953,62
1590394209.546783,62
1590394209.650330,62
1590394209.753822,62
1590394209.856262,62
1590394209.959336,63
1590394210.062690,62
1590394210.166285,62
1590394210.269752,62
1590394210.372731,62
1590394210.476733,62
1590394210.579501,62
1590394210.682918,62
1590394210.786146,62
1590394210.889123,62
1590394210.991987,62
1590394211.094971,62
1590394211.198627,62
1590394211.302836,62
1590394211.406200,62
1590394211.508934,62
1590394211.613363,62
1590394211.716917,62
1590394211.820496,62
1590394211.923522,62
1590394212.026584,62
1590394212.129129,63
1590394212.232772,63
1590394212.335908,63
1590394212.438842,63
1590394212.541973,63
1590394212.645603,63
1590394212.749135,63
1590394212.853158,63
1590394212.956371,63
1590394213.059180,63
1590394213.162173,70
1590394213.265600,70
1590394213.369712,70
1590394213.472942,70
1590394213.575830,70
1590394213.678706,70
1590394213.781921,70
1590394213.885312,70
1590394213.988393,70
1590394214.091076,68
1590394214.194204,64
1590394214.297738,64
1590394214.401331,64
1590394214.504723,64
1590394214.607747,64
1590394214.710955,64
1590394214.813839,64
1590394214.916467,64
1590394215.020429,64
1590394215.123345,64
1590394215.225941,63
1590394215.328702,63
1590394215.431622,63
1590394215.534964,63
1590394215.637954,63
1590394215.741276,63
1590394215.843731,63
1590394215.947359,63
1590394216.049704,63
1590394216.152806,63
1590394216.256512,63
1590394216.358899,63
1590394216.462723,63
1590394216.565915,63
1590394216.668968,63
1590394216.772302,63
1590394216.875886,63
1590394216.978769,63
1590394217.081620,63
1590394217.184873,64
1590394217.288411,64
1590394217.392871,64
1590394217.496613,64
1590394217.599350,64
1590394217.703630,64
1590394217.806424,64
1590394217.910757,64
1590394218.013642,64
1590394218.116914,64
1590394218.219882,71
1590394218.322970,72
1590394218.425605,72
1590394218.528629,72
1590394218.631447,72
1590394218.734081,72
1590394218.837427,72
1590394218.939652,72
1590394219.042963,72
1590394219.145526,72
1590394219.248226,69
1590394219.351306,65
1590394219.454148,65
1590394219.557465,65
1590394219.660758,65
1590394219.763093,65
1590394219.866855,65
1590394219.970201,65
1590394220.072760,65
1590394220.175944,65
1590394220.278808,65
1590394220.381626,64
1590394220.484323,64
1590394220.588426,64
1590394220.691928,64
1590394220.795023,64
1590394220.898618,64
1590394221.001886,64
1590394221.105260,64
1590394221.208590,64
1590394221.311515,64
1590394221.415127,64
1590394221.518138,64
1590394221.621209,64
1590394221.724303,64
1590394221.827647,64
1590394221.930724,64
1590394222.033907,64
1590394222.137286,64
1590394222.241222,64
1590394222.344490,65
1590394222.447339,65
1590394222.551602,65
1590394222.654899,66
1590394222.758321,66
1590394222.862619,66
1590394222.966568,67
1590394223.070066,66
1590394223.173316,66
1590394223.276276,66
1590394223.383450,66
1590394223.487423,73
1590394223.589891,73
1590394223.693586,74
1590394223.797259,73
1590394223.900197,73
1590394224.003363,73
1590394224.107948,73
1590394224.211480,73
1590394224.314783,73
1590394224.417793,72
1590394224.521222,65
1590394224.624815,66
1590394224.727881,66
1590394224.832005,66
1590394224.935095,66
1590394225.039137,66
1590394225.142722,66
1590394225.245974,66
1590394225.348569,66
1590394225.452645,66
1590394225.556988,66
1590394225.660667,65
1590394225.763580,65
1590394225.866085,65
1590394225.970040,65
1590394226.073935,65
1590394226.176366,64
1590394226.283005,65
1590394226.386044,65
1590394226.489143,65
1590394226.591788,65
1590394226.694708,65
1590394226.797576,65
1590394226.901603,65
1590394227.005243,66
1590394227.109038,66
1590394227.211900,66
1590394227.315055,66
1590394227.418685,66
1590394227.523811,66
1590394227.626854,67
1590394227.730252,67
1590394227.834264,67
1590394227.937893,67
1590394228.041456,67
1590394228.145265,67
1590394228.247559,67
1590394228.351125,67
1590394228.454671,67
1590394228.558281,68
1590394228.661491,74
1590394228.764705,74
1590394228.867641,74
1590394228.971723,74
1590394229.074842,74
1590394229.178322,74
1590394229.281487,74
1590394229.384373,74
1590394229.487215,74
1590394229.590830,74
1590394229.693857,73
1590394229.797159,67
1590394229.900618,68
1590394230.005098,67
1590394230.108536,67
1590394230.211452,67
1590394230.314396,67
1590394230.419298,67
1590394230.523129,67
1590394230.626450,67
1590394230.729007,67
1590394230.832547,67
1590394230.936545,66
1590394231.039677,66
1590394231.143676,67
1590394231.247806,66
1590394231.351590,66
1590394231.455121,67
1590394231.558615,67
1590394231.662096,67
1590394231.765095,67
1590394231.868169,67
1590394231.972821,67
1590394232.076232,67
1590394232.180195,67
1590394232.283384,67
1590394232.386643,67
1590394232.489592,67
1590394232.592873,67
1590394232.697242,67
