1590393622.476290,1
1590393622.579885,9
1590393622.683553,16
1590393622.787052,20
1590393622.890844,19
1590393622.993804,20
1590393623.096766,19
1590393623.200330,18
1590393623.302763,18
1590393623.406112,19
1590393623.510046,19
1590393623.613613,17
1590393623.716364,19
1590393623.819604,19
1590393623.922985,19
1590393624.026845,19
1590393624.129120,19
1590393624.232315,20
1590393624.334868,18
1590393624.437851,18
1590393624.540580,15
1590393624.643617,15
1590393624.746016,15
1590393624.849574,16
1590393624.952203,12
1590393625.056267,11
1590393625.159141,10
1590393625.261614,10
1590393625.365261,10
1590393625.468169,10
1590393625.572660,11
1590393625.675925,11
1590393625.778183,11
1590393625.882192,11
1590393625.985730,11
1590393626.088527,11
1590393626.191365,11
1590393626.295394,11
1590393626.399478,12
1590393626.502488,13
1590393626.605312,13
1590393626.707701,19
1590393626.811211,19
1590393626.914419,19
1590393627.017415,13
1590393627.120833,13
1590393627.223678,12
1590393627.328092,13
1590393627.431812,13
1590393627.535075,16
1590393627.638399,16
1590393627.741089,13
1590393627.844459,13
1590393627.947582,13
1590393628.050713,13
1590393628.153840,13
1590393628.256979,15
1590393628.359673,15
1590393628.463057,15
1590393628.566281,15
1590393628.669881,16
1590393628.773959,14
1590393628.877507,14
1590393628.980818,14
1590393629.084527,14
1590393629.188267,14
1590393629.291098,15
1590393629.393565,15
1590393629.497117,16
1590393629.600941,16
1590393629.703669,16
1590393629.806826,15
1590393629.909883,15
1590393630.012524,16
1590393630.115453,16
1590393630.218925,16
1590393630.321973,19
1590393630.425323,19
1590393630.528797,17
1590393630.632364,14
1590393630.734947,14
1590393630.838570,15
1590393630.941537,10
1590393631.044033,8
1590393631.148547,9
1590393631.251537,8
1590393631.354548,11
1590393631.457552,12
1590393631.560249,12
1590393631.664365,9
1590393631.768746,9
1590393631.871936,9
1590393631.974981,9
1590393632.077757,10
1590393632.181140,10
1590393632.285184,11
1590393632.388157,11
1590393632.494559,11
1590393632.597231,11
1590393632.700628,10
1590393632.803801,10
1590393632.906442,11
1590393633.010644,12
1590393633.113820,11
1590393633.217457,11
1590393633.321049,11
1590393633.424351,11
1590393633.527934,13
1590393633.631362,12
1590393633.734705,12
1590393633.837577,12
1590393633.941125,12
1590393634.043972,12
1590393634.147132,12
1590393634.250406,12
1590393634.354034,12
1590393634.456345,12
1590393634.560188,15
1590393634.663921,15
1590393634.766366,19
1590393634.869520,19
1590393634.972904,15
1590393635.075919,13
1590393635.180540,12
1590393635.284419,7
1590393635.387158,6
1590393635.490767,7
1590393635.594631,7
1590393635.697895,7
1590393635.801111,7
1590393635.906243,7
1590393636.009280,8
1590393636.111850,8
1590393636.215105,8
1590393636.318662,8
1590393636.421688,8
1590393636.524916,8
1590393636.628013,9
1590393636.731775,9
1590393636.835018,9
1590393636.937812,9
1590393637.040979,9
1590393637.144774,9
1590393637.247410,9
1590393637.350378,10
1590393637.452480,10
1590393637.556275,11
1590393637.659394,10
1590393637.762176,10
1590393637.865475,10
1590393637.968749,10
1590393638.072397,12
1590393638.175955,12
1590393638.278747,18
1590393638.381840,18
1590393638.484404,12
1590393638.587293,13
1590393638.691185,11
1590393638.794750,11
1590393638.897994,11
1590393639.000509,12
1590393639.103212,12
1590393639.206268,12
1590393639.309822,12
1590393639.411890,13
1590393639.514675,13
1590393639.617979,13
1590393639.721386,12
1590393639.824276,12
1590393639.927575,13
1590393640.031107,13
1590393640.134074,13
1590393640.237718,13
1590393640.341477,13
1590393640.444353,13
1590393640.547480,13
1590393640.650769,13
1590393640.754541,13
1590393640.858252,14
1590393640.961973,14
1590393641.065659,14
1590393641.168333,14
1590393641.270979,14
1590393641.374116,14
1590393641.478661,14
1590393641.581807,15
1590393641.684393,15
1590393641.788496,19
1590393641.891405,19
1590393641.994656,17
1590393642.098845,13
1590393642.201872,13
1590393642.304208,12
1590393642.406940,9
1590393642.509958,7
1590393642.613295,8
1590393642.716499,9
1590393642.819950,9
1590393642.923563,9
1590393643.027345,8
1590393643.131051,8
1590393643.234310,10
1590393643.337296,9
1590393643.440617,9
1590393643.543432,9
1590393643.645902,9
1590393643.748891,9
1590393643.852729,9
1590393643.955165,10
1590393644.058937,10
1590393644.162771,10
1590393644.266204,10
1590393644.369741,10
1590393644.472866,10
1590393644.575928,10
1590393644.679890,11
1590393644.782110,11
1590393644.885782,11
1590393644.989038,11
1590393645.093019,11
1590393645.196862,11
1590393645.300709,11
1590393645.403406,11
1590393645.506574,12
1590393645.610023,12
1590393645.713078,12
1590393645.816620,13
1590393645.920352,13
1590393646.023022,12
1590393646.126396,19
1590393646.228861,19
1590393646.331471,13
1590393646.435205,14
1590393646.538901,13
1590393646.641731,13
1590393646.746153,13
1590393646.848936,13
1590393646.952312,13
1590393647.055255,13
1590393647.157868,13
1590393647.260519,13
1590393647.364554,14
1590393647.467374,14
1590393647.570246,14
1590393647.672683,14
1590393647.776192,14
1590393647.880520,14
1590393647.985046,14
1590393648.088092,14
1590393648.191318,14
1590393648.295060,14
1590393648.399178,15
1590393648.502208,15
1590393648.605259,15
1590393648.708165,15
1590393648.811705,15
1590393648.914476,15
1590393649.018128,15
1590393649.121286,15
1590393649.225258,15
1590393649.328480,16
1590393649.432264,16
1590393649.535791,17
1590393649.639432,19
1590393649.742331,19
1590393649.846577,19
1590393649.949700,16
1590393650.053055,16
1590393650.155804,16
1590393650.259074,16
1590393650.362415,16
1590393650.465411,17
1590393650.567994,17
1590393650.670778,18
1590393650.774346,19
1590393650.878262,19
1590393650.981670,19
1590393651.085047,19
1590393651.188112,19
1590393651.291345,19
1590393651.394754,17
1590393651.500053,17
1590393651.603343,14
1590393651.706356,9
1590393651.809741,8
1590393651.913594,9
1590393652.016378,9
1590393652.119369,9
1590393652.222780,9
1590393652.326593,9
1590393652.429627,9
1590393652.532785,10
1590393652.635440,10
1590393652.739987,10
1590393652.843078,10
1590393652.947169,10
1590393653.049877,10
1590393653.153055,10
1590393653.255996,10
1590393653.359197,11
1590393653.463119,10
1590393653.566728,11
1590393653.669718,11
1590393653.772296,11
1590393653.876319,11
1590393653.980366,11
1590393654.082882,11
1590393654.186880,12
1590393654.289891,12
1590393654.393477,13
1590393654.497736,13
1590393654.601062,19
1590393654.703694,19
1590393654.808163,14
1590393654.911656,13
1590393655.017451,13
1590393655.120148,14
1590393655.223353,13
1590393655.326967,13
1590393655.430221,13
1590393655.533562,13
1590393655.637267,13
1590393655.740948,13
1590393655.843473,13
1590393655.947006,13
1590393656.049962,14
1590393656.153050,14
1590393656.256784,14
1590393656.360552,14
1590393656.465176,14
1590393656.569430,14
1590393656.673235,14
1590393656.776666,14
1590393656.880428,15
1590393656.983124,14
1590393657.087016,15
1590393657.189970,15
1590393657.293706,15
1590393657.397344,16
1590393657.499858,15
1590393657.603560,15
1590393657.707216,15
1590393657.810421,15
1590393657.913548,16
1590393658.016619,16
1590393658.120142,20
1590393658.222720,19
1590393658.325598,19
1590393658.429398,15
1590393658.533636,15
1590393658.636823,15
1590393658.740352,13
1590393658.843346,7
1590393658.946506,8
1590393659.050051,9
1590393659.153626,10
1590393659.256566,12
1590393659.359808,10
1590393659.463171,10
1590393659.567245,10
1590393659.670138,9
1590393659.772468,9
1590393659.875205,9
1590393659.977937,10
1590393660.081641,10
1590393660.185067,10
1590393660.288845,10
1590393660.392388,10
1590393660.496187,10
1590393660.599422,10
1590393660.703213,11
1590393660.806007,11
1590393660.908782,11
1590393661.012242,11
1590393661.116658,11
1590393661.219470,11
1590393661.322156,11
1590393661.425564,11
1590393661.528499,12
1590393661.631740,12
1590393661.734035,12
1590393661.837421,12
1590393661.941095,12
1590393662.044989,12
1590393662.148085,12
1590393662.251821,13
1590393662.355030,12
1590393662.459076,14
1590393662.562112,14
1590393662.665719,14
1590393662.769132,19
1590393662.872439,19
1590393662.976428,12
1590393663.080108,13
1590393663.183004,12
1590393663.286824,7
1590393663.389744,6
1590393663.493950,7
1590393663.597396,7
1590393663.700604,8
1590393663.803371,7
1590393663.906805,7
1590393664.009711,8
1590393664.114121,8
1590393664.217346,9
1590393664.320362,8
1590393664.423628,8
1590393664.526528,8
1590393664.629414,9
1590393664.732259,9
1590393664.835113,9
1590393664.937915,9
1590393665.040403,10
1590393665.146235,9
1590393665.249098,9
1590393665.352483,10
1590393665.456471,10
1590393665.560124,10
1590393665.663361,10
1590393665.765935,10
1590393665.868281,10
1590393665.971543,10
1590393666.076131,12
1590393666.180799,11
1590393666.285886,18
1590393666.390635,16
1590393666.495734,12
1590393666.601589,13
1590393666.705050,11
1590393666.808850,11
1590393666.911932,11
1590393667.015390,12
1590393667.118833,12
1590393667.222467,12
1590393667.326691,12
1590393667.430629,12
1590393667.533726,12
1590393667.643460,12
1590393667.746701,12
1590393667.849856,13
1590393667.955070,13
1590393668.058054,13
1590393668.164736,13
1590393668.268284,13
1590393668.371364,13
1590393668.474145,13
1590393668.577397,13
1590393668.681330,13
1590393668.784560,14
1590393668.888041,14
1590393668.992313,14
1590393669.097040,14
1590393669.200114,14
1590393669.303311,14
1590393669.406339,14
1590393669.508984,15
1590393669.613062,15
1590393669.716167,14
1590393669.818864,19
1590393669.923602,19
1590393670.026867,13
1590393670.130685,13
1590393670.233299,12
1590393670.339216,9
1590393670.441680,7
1590393670.544033,8
1590393670.647411,9
1590393670.750699,8
1590393670.853647,9
1590393670.956331,8
1590393671.059580,8
1590393671.163851,9
1590393671.267001,9
1590393671.370250,9
1590393671.473475,9
1590393671.576675,9
1590393671.680530,9
1590393671.783177,9
1590393671.887249,10
1590393671.990420,10
1590393672.093644,10
1590393672.197599,10
1590393672.301059,10
1590393672.405510,10
1590393672.509430,10
1590393672.612494,11
1590393672.716274,11
1590393672.819644,11
1590393672.923250,11
1590393673.025644,11
1590393673.129744,11
1590393673.233832,11
1590393673.337867,11
1590393673.441350,12
1590393673.544628,12
1590393673.647443,12
1590393673.753132,12
1590393673.858904,13
1590393673.963972,13
1590393674.066952,19
1590393674.170189,20
1590393674.273080,12
1590393674.375893,13
1590393674.478918,13
1590393674.582187,13
1590393674.685896,13
1590393674.789219,13
1590393674.892589,13
1590393674.996596,13
1590393675.100761,13
1590393675.204124,13
1590393675.308377,13
1590393675.411354,14
1590393675.514850,14
1590393675.618943,13
1590393675.721699,14
1590393675.825030,14
1590393675.928418,14
1590393676.031943,14
1590393676.135662,14
1590393676.239574,14
1590393676.342811,14
1590393676.445902,15
1590393676.548726,15
1590393676.652160,16
1590393676.755043,15
1590393676.857906,15
1590393676.961172,15
1590393677.064545,15
1590393677.167805,15
1590393677.273001,15
1590393677.375962,16
1590393677.481665,17
1590393677.584321,19
1590393677.688294,19
1590393677.791038,19
1590393677.894474,15
1590393677.997794,15
1590393678.101905,14
1590393678.204273,12
1590393678.307402,8
1590393678.410258,8
1590393678.513686,9
1590393678.616588,10
1590393678.720137,10
1590393678.823793,10
1590393678.926680,10
1590393679.029726,10
1590393679.133484,10
1590393679.235769,9
1590393679.339506,9
1590393679.443255,10
1590393679.546537,10
1590393679.650541,11
1590393679.753952,10
1590393679.856840,10
1590393679.960536,10
1590393680.064620,10
1590393680.168645,11
1590393680.271909,11
1590393680.374862,11
1590393680.477990,11
1590393680.581400,11
1590393680.684595,11
1590393680.788642,11
1590393680.891179,11
1590393680.995370,12
1590393681.098647,12
1590393681.201408,12
1590393681.306837,12
1590393681.409869,12
1590393681.513519,12
1590393681.616758,12
1590393681.719607,12
1590393681.821889,12
1590393681.924962,14
1590393682.028394,14
1590393682.131291,13
1590393682.233876,20
1590393682.337453,19
1590393682.439954,13
1590393682.543016,13
1590393682.646048,12
1590393682.748918,8
1590393682.851502,6
1590393682.953989,7
1590393683.058024,7
1590393683.161560,7
1590393683.264887,7
1590393683.368231,7
1590393683.471287,8
1590393683.573737,8
1590393683.677237,8
1590393683.781372,8
1590393683.884659,8
1590393683.987776,8
1590393684.090807,9
1590393684.195251,9
1590393684.299063,9
1590393684.401955,9
1590393684.505138,10
1590393684.608648,9
1590393684.711838,9
1590393684.815461,10
1590393684.920052,10
1590393685.023196,10
1590393685.126017,10
1590393685.230016,10
1590393685.332782,10
1590393685.436687,10
1590393685.540032,10
1590393685.642825,18
1590393685.747022,18
1590393685.850064,15
1590393685.952766,12
1590393686.056538,12
1590393686.159979,11
1590393686.263208,11
1590393686.366302,11
1590393686.469745,13
1590393686.572259,12
1590393686.675221,12
1590393686.777891,13
1590393686.881747,12
1590393686.985408,12
1590393687.091965,12
1590393687.195194,12
1590393687.298343,12
1590393687.401582,13
1590393687.504986,13
1590393687.608339,13
1590393687.711294,13
1590393687.815208,13
1590393687.918669,13
1590393688.022202,13
1590393688.126240,13
1590393688.230087,13
1590393688.333069,14
1590393688.435784,14
1590393688.538874,14
1590393688.641737,14
1590393688.745450,14
1590393688.848460,14
1590393688.951981,15
1590393689.055315,15
1590393689.159093,14
1590393689.262229,19
1590393689.365497,19
1590393689.468702,13
1590393689.571645,13
1590393689.674911,12
1590393689.778488,11
1590393689.881632,8
1590393689.984966,7
1590393690.087710,9
1590393690.191454,9
1590393690.294500,9
1590393690.398702,8
1590393690.502149,8
1590393690.604927,8
1590393690.707403,9
1590393690.810484,9
1590393690.913433,9
1590393691.017106,9
1590393691.119727,9
1590393691.222371,9
1590393691.325894,11
1590393691.428579,10
1590393691.531558,10
1590393691.634369,10
1590393691.737422,10
1590393691.840478,10
1590393691.943330,10
1590393692.047523,10
1590393692.149917,12
1590393692.252068,11
1590393692.355635,11
1590393692.458663,11
1590393692.562690,11
1590393692.665647,12
1590393692.768444,11
1590393692.870754,11
1590393692.974824,12
1590393693.078885,12
1590393693.182245,12
1590393693.285530,13
1590393693.388330,13
1590393693.491156,19
1590393693.595744,19
1590393693.699097,14
1590393693.802758,13
1590393693.906307,14
1590393694.010161,13
1590393694.114048,13
1590393694.217065,13
1590393694.319961,13
1590393694.423427,13
1590393694.527967,13
1590393694.631586,13
1590393694.734595,13
1590393694.838905,14
1590393694.942172,14
1590393695.044926,14
1590393695.148816,14
1590393695.251884,14
1590393695.354649,14
1590393695.457250,14
1590393695.560113,14
1590393695.663567,14
1590393695.766610,14
1590393695.869616,15
1590393695.971998,15
1590393696.075057,15
1590393696.179794,15
1590393696.283041,15
1590393696.385721,15
1590393696.489226,15
1590393696.593694,15
1590393696.697940,15
1590393696.801885,16
1590393696.905372,16
1590393697.008614,20
1590393697.112614,19
1590393697.216531,19
1590393697.320047,15
1590393697.423431,15
1590393697.526509,15
1590393697.629855,13
1590393697.733457,8
1590393697.836540,8
1590393697.940422,9
1590393698.043011,10
1590393698.146512,11
1590393698.250444,11
1590393698.353496,10
1590393698.456454,10
1590393698.559445,9
1590393698.663287,9
1590393698.767605,9
1590393698.870647,10
1590393698.973577,10
1590393699.076300,10
1590393699.179827,11
1590393699.284451,10
1590393699.387720,10
1590393699.490923,10
1590393699.595681,10
1590393699.698813,11
1590393699.802005,11
1590393699.905294,11
1590393700.007596,11
1590393700.111209,11
1590393700.214347,11
1590393700.318643,11
1590393700.422799,11
1590393700.526543,12
1590393700.630671,12
1590393700.733908,12
1590393700.837290,12
1590393700.939914,12
1590393701.042931,12
1590393701.147054,12
1590393701.250110,12
1590393701.354183,13
1590393701.457039,15
1590393701.560650,14
1590393701.664471,19
1590393701.767937,19
1590393701.871418,13
1590393701.974341,13
1590393702.077167,13
1590393702.180662,13
1590393702.283384,13
1590393702.386638,14
1590393702.489392,15
1590393702.594005,15
1590393702.697646,15
1590393702.802389,15
1590393702.905673,14
1590393703.008950,14
1590393703.112782,14
1590393703.215578,14
1590393703.319419,14
1590393703.422350,15
1590393703.526249,15
1590393703.630448,15
1590393703.734193,15
1590393703.836999,15
1590393703.940073,15
1590393704.042945,15
1590393704.146241,15
1590393704.250032,15
1590393704.352574,15
1590393704.456904,16
1590393704.559960,16
1590393704.663859,16
1590393704.766997,16
1590393704.870805,16
1590393704.974738,16
1590393705.077888,16
1590393705.181666,17
1590393705.284823,16
1590393705.387594,16
1590393705.492106,16
1590393705.595458,17
1590393705.699162,17
1590393705.802254,18
1590393705.905085,18
1590393706.007830,20
1590393706.110731,19
1590393706.213883,19
1590393706.317150,16
1590393706.419871,16
1590393706.523550,16
1590393706.626993,14
1590393706.730951,9
1590393706.833867,8
1590393706.937109,10
1590393707.040090,10
1590393707.143479,11
1590393707.246671,11
1590393707.350539,12
1590393707.453525,9
1590393707.556286,10
1590393707.659751,10
1590393707.763502,10
1590393707.866994,10
1590393707.970980,10
1590393708.074508,10
1590393708.177323,10
1590393708.281690,10
1590393708.384898,11
1590393708.490361,11
1590393708.601924,11
1590393708.705846,11
1590393708.809403,11
1590393708.912750,11
1590393709.015429,11
1590393709.118875,11
1590393709.221849,12
1590393709.325901,12
1590393709.429026,12
1590393709.531740,12
1590393709.635269,12
1590393709.738049,12
1590393709.840843,12
1590393709.943589,12
1590393710.047577,12
1590393710.151176,13
1590393710.253831,13
1590393710.357436,13
1590393710.460770,13
1590393710.563734,14
1590393710.667175,14
1590393710.769996,19
1590393710.872964,19
1590393710.976838,14
1590393711.079984,13
1590393711.182879,12
1590393711.288133,7
1590393711.391278,6
1590393711.495027,7
1590393711.599035,7
1590393711.702657,7
1590393711.805172,7
1590393711.907652,7
1590393712.011839,8
1590393712.114660,9
1590393712.217423,8
1590393712.321402,8
1590393712.424432,8
1590393712.527830,8
1590393712.631207,10
1590393712.734107,9
1590393712.837531,9
1590393712.941289,9
1590393713.044415,9
1590393713.147992,9
1590393713.250916,9
1590393713.355148,10
1590393713.457397,10
1590393713.560741,10
1590393713.663863,10
1590393713.766919,10
1590393713.869908,10
1590393713.973731,10
1590393714.077520,12
1590393714.180639,12
1590393714.285021,18
1590393714.387881,17
1590393714.491495,12
1590393714.595475,12
1590393714.698791,11
1590393714.802423,11
1590393714.905265,11
1590393715.008881,12
1590393715.112720,13
1590393715.216741,12
1590393715.319892,12
1590393715.422720,12
1590393715.526529,12
1590393715.629987,13
1590393715.733267,12
1590393715.837114,13
1590393715.939968,13
1590393716.043341,13
1590393716.146554,13
1590393716.249470,13
1590393716.352356,13
1590393716.455215,13
1590393716.558029,13
1590393716.661153,13
1590393716.764911,13
1590393716.868441,14
1590393716.972809,14
1590393717.076397,14
1590393717.180299,15
1590393717.283823,14
1590393717.386857,14
1590393717.489351,15
1590393717.591950,15
1590393717.695358,15
1590393717.799487,20
1590393717.902487,19
1590393718.006406,15
1590393718.109493,13
1590393718.213834,13
1590393718.317094,12
1590393718.420303,9
1590393718.523960,7
1590393718.627826,8
1590393718.731217,9
1590393718.834577,9
1590393718.937419,8
1590393719.040603,8
1590393719.143041,8
1590393719.287982,9
1590393719.391878,9
1590393719.495904,9
1590393719.599022,9
1590393719.702575,9
1590393719.805080,9
1590393719.908015,9
1590393720.011293,10
1590393720.114614,10
1590393720.218547,10
1590393720.321568,10
1590393720.424945,10
1590393720.527654,10
1590393720.631440,10
1590393720.734566,11
1590393720.837541,11
1590393720.941380,11
1590393721.045366,11
1590393721.148704,11
1590393721.251491,11
1590393721.354589,11
1590393721.457594,11
1590393721.560433,12
1590393721.665113,12
1590393721.768322,12
1590393721.871591,13
1590393721.975096,13
1590393722.078246,19
1590393722.181825,19
1590393722.283976,14
1590393722.387133,13
1590393722.493050,14
1590393722.597557,13
1590393722.700656,13
1590393722.803277,13
1590393722.906346,13
1590393723.009538,13
1590393723.113324,12
1590393723.216989,13
1590393723.320599,13
1590393723.423482,14
1590393723.527758,14
1590393723.630983,14
1590393723.734841,14
1590393723.837773,14
1590393723.940284,14
1590393724.043153,14
1590393724.146409,15
1590393724.249045,14
1590393724.351490,14
1590393724.454555,15
1590393724.558344,15
1590393724.661850,15
1590393724.764972,15
1590393724.868319,15
1590393724.971509,15
1590393725.074468,15
1590393725.179151,15
1590393725.282961,15
1590393725.386511,16
1590393725.489637,16
1590393725.592297,20
1590393725.696271,19
1590393725.799960,19
1590393725.903859,15
1590393726.006627,15
1590393726.109523,15
1590393726.212657,13
1590393726.316344,8
1590393726.419001,8
1590393726.521839,9
1590393726.624872,10
1590393726.728716,11
1590393726.832213,10
1590393726.935853,10
1590393727.038768,10
1590393727.142406,9
1590393727.245865,9
1590393727.349662,9
1590393727.452707,10
1590393727.555258,10
1590393727.660016,10
1590393727.763422,10
1590393727.865460,10
1590393727.970033,10
1590393728.074146,10
1590393728.177455,10
1590393728.281499,11
1590393728.384468,11
1590393728.488457,11
1590393728.591924,11
1590393728.695187,10
1590393728.798883,11
1590393728.903080,11
1590393729.006062,12
1590393729.109398,12
1590393729.213223,12
1590393729.316637,12
1590393729.419345,12
1590393729.522556,12
1590393729.625527,12
1590393729.729531,12
1590393729.832920,12
1590393729.936945,14
1590393730.039892,14
1590393730.143176,14
1590393730.246628,19
1590393730.349503,19
1590393730.452649,12
1590393730.555528,13
1590393730.658654,13
1590393730.761877,7
1590393730.866674,6
1590393730.969937,7
1590393731.074907,7
1590393731.178990,7
1590393731.282099,7
1590393731.385409,7
1590393731.488376,8
1590393731.591887,8
1590393731.694909,8
1590393731.798178,8
1590393731.901596,8
1590393732.004274,8
1590393732.107343,9
1590393732.210202,9
1590393732.313810,9
1590393732.417826,9
1590393732.521001,9
1590393732.623557,9
1590393732.726432,9
1590393732.830695,10
1590393732.934018,10
1590393733.036825,10
1590393733.140371,10
1590393733.244856,10
1590393733.347539,10
1590393733.450590,10
1590393733.553344,12
1590393733.656159,11
1590393733.758974,18
1590393733.861521,16
1590393733.965359,12
1590393734.068344,12
1590393734.172552,11
1590393734.275842,11
1590393734.380671,11
1590393734.484365,12
1590393734.587383,12
1590393734.690239,12
1590393734.793236,12
1590393734.898309,12
1590393735.001347,12
1590393735.104799,12
1590393735.211279,12
1590393735.314582,13
1590393735.417860,13
1590393735.521866,13
1590393735.625632,13
1590393735.730083,13
1590393735.834906,13
1590393735.938484,13
1590393736.042267,13
1590393736.146106,13
1590393736.250448,14
1590393736.353872,14
1590393736.457244,14
1590393736.560866,14
1590393736.663782,14
1590393736.767087,14
1590393736.870690,15
1590393736.974978,15
1590393737.078128,15
1590393737.181668,14
1590393737.285347,19
1590393737.389005,20
1590393737.493219,14
1590393737.596298,13
1590393737.699248,12
1590393737.802367,10
1590393737.905769,7
1590393738.008879,8
1590393738.112141,9
1590393738.215093,9
1590393738.318406,10
1590393738.424565,8
1590393738.528945,8
1590393738.632234,9
1590393738.735371,9
1590393738.838497,9
1590393738.941336,9
1590393739.045370,10
1590393739.148735,9
1590393739.251450,9
1590393739.354941,10
1590393739.458398,10
1590393739.561875,10
1590393739.665141,10
1590393739.769386,10
1590393739.872119,10
1590393739.975256,10
1590393740.079339,10
1590393740.182795,11
1590393740.286703,11
1590393740.390413,11
1590393740.496211,11
1590393740.599460,11
1590393740.702307,11
1590393740.805507,11
1590393740.908310,12
1590393741.012732,12
1590393741.115959,12
1590393741.219414,12
1590393741.322313,13
1590393741.426767,13
1590393741.531727,19
1590393741.639687,19
1590393741.743161,12
1590393741.846497,13
1590393741.949844,13
1590393742.052365,13
1590393742.156271,13
1590393742.259378,13
1590393742.365588,13
1590393742.469081,13
1590393742.572309,13
1590393742.675210,13
1590393742.777978,13
1590393742.881117,14
1590393742.983619,14
1590393743.087463,14
1590393743.191015,15
1590393743.294262,14
1590393743.397165,14
1590393743.499945,14
1590393743.602659,14
1590393743.706767,14
1590393743.809730,14
1590393743.913131,15
1590393744.016411,15
1590393744.119461,15
1590393744.222439,15
1590393744.326241,15
1590393744.429407,15
1590393744.532841,15
1590393744.635825,15
1590393744.739586,15
1590393744.842588,16
1590393744.945573,17
1590393745.049321,19
1590393745.152083,19
1590393745.254771,19
1590393745.358341,15
1590393745.461035,15
1590393745.564327,15
1590393745.667363,12
1590393745.771542,8
1590393745.875168,8
1590393745.979702,9
1590393746.082691,10
1590393746.186497,10
1590393746.290560,10
1590393746.395500,10
1590393746.499765,10
1590393746.603636,9
1590393746.706046,9
1590393746.809494,9
1590393746.912846,10
1590393747.015466,10
1590393747.119690,10
1590393747.222965,11
1590393747.326652,10
1590393747.429896,10
1590393747.532410,10
1590393747.635379,11
1590393747.737991,11
1590393747.841661,11
1590393747.945413,11
1590393748.048675,11
1590393748.152274,11
1590393748.254992,11
1590393748.358372,11
1590393748.462243,12
1590393748.566050,12
1590393748.670388,12
1590393748.773664,13
1590393748.878862,12
1590393748.984851,12
1590393749.087887,12
1590393749.191486,12
1590393749.297054,12
1590393749.400835,14
1590393749.503910,14
1590393749.607752,20
1590393749.711443,19
1590393749.815646,18
1590393749.920648,13
1590393750.023960,13
1590393750.127038,10
1590393750.230318,6
1590393750.333516,8
1590393750.436253,7
1590393750.539572,7
1590393750.642931,7
1590393750.747843,7
1590393750.850924,7
1590393750.953318,8
1590393751.057030,8
1590393751.161069,8
1590393751.264445,8
1590393751.368268,7
1590393751.471813,8
1590393751.574963,9
1590393751.678166,9
1590393751.781252,9
1590393751.884436,9
1590393751.986932,9
1590393752.090000,9
1590393752.194003,10
1590393752.298162,10
1590393752.401052,10
1590393752.505193,10
1590393752.608475,10
1590393752.712139,10
1590393752.815426,10
1590393752.918798,11
1590393753.021488,12
1590393753.125326,18
1590393753.228630,18
1590393753.331623,13
1590393753.435039,12
1590393753.537527,12
1590393753.641599,11
1590393753.744668,11
1590393753.848695,12
1590393753.952134,12
1590393754.055726,12
1590393754.158586,12
1590393754.261656,12
1590393754.365170,12
1590393754.468077,12
1590393754.571386,12
1590393754.675393,12
1590393754.778030,13
1590393754.881099,13
1590393754.985222,13
1590393755.088397,13
1590393755.190919,13
1590393755.295749,13
1590393755.398905,13
1590393755.506158,13
1590393755.610120,13
1590393755.713208,14
1590393755.816349,14
1590393755.919417,14
1590393756.022890,14
1590393756.125943,14
1590393756.229933,14
1590393756.333650,14
1590393756.437016,15
1590393756.540342,15
1590393756.643310,20
1590393756.746222,19
1590393756.850086,19
1590393756.953439,13
1590393757.057182,13
1590393757.161031,12
1590393757.263926,10
1590393757.366777,7
1590393757.469827,8
1590393757.572113,10
1590393757.674848,9
1590393757.778871,9
1590393757.881426,9
1590393757.984770,8
1590393758.087611,9
1590393758.190532,9
1590393758.293912,9
1590393758.397442,10
1590393758.503249,9
1590393758.606517,9
1590393758.710410,9
1590393758.813074,10
1590393758.916037,10
1590393759.019161,10
1590393759.121875,10
1590393759.225227,10
1590393759.328058,10
1590393759.431415,11
1590393759.534597,11
1590393759.638481,11
1590393759.741761,11
1590393759.844734,11
1590393759.949770,11
1590393760.052557,11
1590393760.156036,11
1590393760.258874,11
1590393760.363866,12
1590393760.466361,12
1590393760.569547,12
1590393760.672101,12
1590393760.775187,13
1590393760.878992,13
1590393760.982319,20
1590393761.084577,19
1590393761.189389,13
1590393761.293032,14
1590393761.397724,13
1590393761.503753,13
1590393761.607465,13
1590393761.711074,13
1590393761.814082,13
1590393761.917357,13
1590393762.019988,13
1590393762.123418,13
1590393762.227509,13
1590393762.330783,14
1590393762.439160,14
1590393762.542370,14
1590393762.645865,14
1590393762.749802,14
1590393762.852187,14
1590393762.956152,14
1590393763.059326,14
1590393763.162733,14
1590393763.266957,15
1590393763.370803,15
1590393763.474531,15
1590393763.578176,15
1590393763.681445,15
1590393763.784346,15
1590393763.887297,15
1590393763.991204,15
1590393764.096000,15
1590393764.199192,16
1590393764.302574,16
1590393764.406205,17
1590393764.510181,19
1590393764.613082,19
1590393764.715738,19
1590393764.818308,15
1590393764.920549,15
1590393765.024237,15
1590393765.130506,10
1590393765.233740,8
1590393765.337144,10
1590393765.440911,9
1590393765.544832,10
1590393765.647616,10
1590393765.751219,10
1590393765.855213,10
1590393765.958051,9
1590393766.061595,9
1590393766.164513,9
1590393766.267529,9
1590393766.371031,10
1590393766.475543,10
1590393766.578646,10
1590393766.681787,10
1590393766.785480,10
1590393766.888502,10
1590393766.991928,10
1590393767.095055,11
1590393767.198052,11
1590393767.301743,12
1590393767.404934,11
1590393767.507928,11
1590393767.611353,11
1590393767.714598,11
1590393767.817543,11
1590393767.920736,12
1590393768.024695,12
1590393768.127764,12
1590393768.230042,12
1590393768.333244,12
1590393768.436396,12
1590393768.540216,12
1590393768.644054,12
1590393768.747946,12
1590393768.851416,15
1590393768.954339,14
1590393769.057333,19
1590393769.160752,19
1590393769.263456,17
1590393769.366824,13
1590393769.470704,13
1590393769.573323,9
1590393769.676427,6
1590393769.780031,7
1590393769.883044,7
1590393769.987232,7
1590393770.091082,7
1590393770.194859,7
1590393770.297879,7
1590393770.401978,8
1590393770.504495,8
1590393770.606869,7
1590393770.710038,8
1590393770.813405,8
1590393770.915731,8
1590393771.019345,9
1590393771.123086,10
1590393771.226697,9
1590393771.329938,9
1590393771.432786,9
1590393771.536145,9
1590393771.639271,10
1590393771.742149,10
1590393771.845604,10
1590393771.949042,10
1590393772.052286,10
1590393772.155944,10
1590393772.258693,10
1590393772.362194,11
1590393772.465594,12
1590393772.569642,18
1590393772.672580,18
1590393772.776762,13
1590393772.880584,12
1590393772.984753,11
1590393773.089131,11
1590393773.192969,11
1590393773.296050,12
1590393773.399089,12
1590393773.502394,12
1590393773.606558,12
1590393773.709679,12
1590393773.813150,12
1590393773.916433,12
1590393774.020407,12
1590393774.124753,12
1590393774.228086,13
1590393774.331878,14
1590393774.434436,13
1590393774.537141,13
1590393774.640634,13
1590393774.743787,13
1590393774.846811,13
1590393774.949841,13
1590393775.052557,13
1590393775.155638,14
1590393775.259682,14
1590393775.363705,14
1590393775.466757,14
1590393775.570050,14
1590393775.673482,14
1590393775.777237,14
1590393775.881055,16
1590393775.983797,15
1590393776.087248,19
1590393776.190042,19
1590393776.293769,18
1590393776.397227,14
1590393776.500379,14
1590393776.603100,14
1590393776.706472,12
1590393776.810929,7
1590393776.913836,9
1590393777.017978,8
1590393777.121149,10
1590393777.226310,9
1590393777.330075,9
1590393777.434147,8
1590393777.536651,8
1590393777.639447,9
1590393777.743150,9
1590393777.847056,10
1590393777.950052,9
1590393778.053638,9
1590393778.157383,9
1590393778.260627,10
1590393778.363394,11
1590393778.467388,10
1590393778.570466,10
1590393778.673469,10
1590393778.777580,10
1590393778.880715,10
1590393778.983629,10
1590393779.086905,11
1590393779.189965,11
1590393779.293770,11
1590393779.398150,11
1590393779.501709,11
1590393779.605256,11
1590393779.708297,11
1590393779.812191,11
1590393779.914676,12
1590393780.017379,12
1590393780.120729,12
1590393780.223360,12
1590393780.327400,13
1590393780.430141,13
1590393780.533056,19
1590393780.635415,19
1590393780.737381,12
1590393780.840457,14
1590393780.944260,13
1590393781.047066,13
1590393781.150647,13
1590393781.253505,13
1590393781.356180,13
1590393781.458852,13
1590393781.562109,13
1590393781.665013,13
1590393781.767617,14
1590393781.870576,14
1590393781.975187,14
1590393782.078360,14
1590393782.180980,14
1590393782.284398,14
1590393782.388564,14
1590393782.492028,14
1590393782.597138,14
1590393782.701302,14
1590393782.803768,15
1590393782.906977,15
1590393783.010876,15
1590393783.114395,15
1590393783.217955,15
1590393783.322059,15
1590393783.424876,15
1590393783.528049,15
1590393783.631052,15
1590393783.738729,15
1590393783.842847,17
1590393783.945890,18
1590393784.049630,19
1590393784.153060,19
1590393784.255777,19
1590393784.360793,15
1590393784.463592,16
1590393784.565904,15
1590393784.669185,11
1590393784.772512,8
1590393784.875497,9
1590393784.978412,9
1590393785.081751,10
1590393785.184254,10
1590393785.287181,10
1590393785.390268,10
1590393785.493956,9
1590393785.597848,9
1590393785.702672,9
1590393785.807105,9
1590393785.910008,10
1590393786.012326,10
1590393786.116718,10
1590393786.219632,10
1590393786.322889,10
1590393786.426197,10
1590393786.529647,10
1590393786.632503,11
1590393786.735689,11
1590393786.839765,11
1590393786.943090,11
1590393787.047400,11
1590393787.150537,11
1590393787.253371,11
1590393787.356485,11
1590393787.459363,12
1590393787.562664,12
1590393787.665138,12
1590393787.767609,12
1590393787.871977,12
1590393787.975972,12
1590393788.080609,12
1590393788.183689,12
1590393788.286469,12
1590393788.390338,14
1590393788.495247,14
1590393788.599251,20
1590393788.702703,19
1590393788.804974,17
1590393788.908565,12
1590393789.011622,12
1590393789.114391,10
1590393789.217322,6
1590393789.321766,7
1590393789.424202,7
1590393789.526843,8
1590393789.629351,8
1590393789.732816,7
1590393789.835206,7
1590393789.938409,8
1590393790.040762,8
1590393790.144245,8
1590393790.247931,8
1590393790.350793,8
1590393790.454161,8
1590393790.557507,9
1590393790.659966,9
1590393790.764445,9
1590393790.867639,9
1590393790.971199,9
1590393791.073922,9
1590393791.177462,9
1590393791.280561,10
1590393791.384608,10
1590393791.487698,10
1590393791.591744,10
1590393791.696573,10
1590393791.799967,10
1590393791.903017,10
1590393792.006246,11
1590393792.109365,11
1590393792.213122,11
1590393792.316331,12
1590393792.419105,11
1590393792.522466,11
1590393792.625427,12
1590393792.727973,12
1590393792.830954,19
1590393792.933826,19
1590393793.036936,14
1590393793.139570,13
1590393793.242312,13
1590393793.345741,12
1590393793.448451,12
1590393793.551479,12
1590393793.654221,12
1590393793.756966,13
1590393793.860777,13
1590393793.965620,13
1590393794.068694,13
1590393794.171407,13
1590393794.274982,13
1590393794.378395,13
1590393794.481934,13
1590393794.585221,13
1590393794.688520,14
1590393794.792165,14
1590393794.895907,14
1590393794.998766,14
1590393795.101909,14
1590393795.205011,14
1590393795.308320,14
1590393795.412323,14
1590393795.515347,14
1590393795.618494,14
1590393795.722456,15
1590393795.826143,15
1590393795.929684,15
1590393796.033317,15
1590393796.136218,16
1590393796.239251,16
1590393796.341555,15
1590393796.445291,20
1590393796.547653,19
1590393796.651424,15
1590393796.754881,14
1590393796.858569,14
1590393796.961922,10
1590393797.064905,7
1590393797.167627,9
1590393797.272062,9
1590393797.376267,9
1590393797.479985,9
1590393797.583035,9
1590393797.685358,8
1590393797.789257,9
1590393797.892388,9
1590393797.995312,9
1590393798.098306,9
1590393798.201619,9
1590393798.304894,9
1590393798.408766,9
1590393798.512017,10
1590393798.615824,10
1590393798.718014,10
1590393798.821127,10
1590393798.924969,10
1590393799.028304,10
1590393799.131993,10
1590393799.235152,11
1590393799.337843,11
1590393799.441600,11
1590393799.545462,11
1590393799.648869,11
1590393799.751792,11
1590393799.854215,11
1590393799.956501,11
1590393800.059442,12
1590393800.163456,12
1590393800.266375,12
1590393800.369355,12
1590393800.472502,12
1590393800.576558,13
1590393800.680150,13
1590393800.783657,19
1590393800.887210,19
1590393800.991258,14
1590393801.095607,14
1590393801.198863,13
1590393801.301830,13
1590393801.404808,13
1590393801.508091,13
1590393801.611538,13
1590393801.715193,13
1590393801.817954,13
1590393801.921521,13
1590393802.024700,14
1590393802.128395,14
1590393802.231398,14
1590393802.334599,14
1590393802.437606,14
1590393802.540734,14
1590393802.644322,14
1590393802.747926,14
1590393802.851125,14
1590393802.953961,14
1590393803.057106,15
1590393803.160229,15
1590393803.263120,15
1590393803.365911,15
1590393803.469487,15
1590393803.572807,15
1590393803.676819,15
1590393803.779892,15
1590393803.883155,15
1590393803.985606,15
1590393804.087879,17
1590393804.190789,17
1590393804.293911,19
1590393804.397880,19
1590393804.501359,19
1590393804.604766,16
1590393804.709226,16
1590393804.812251,16
1590393804.915815,16
1590393805.018796,16
1590393805.121207,17
1590393805.225112,18
1590393805.328103,18
1590393805.431309,19
1590393805.535202,19
1590393805.638107,19
1590393805.741926,19
1590393805.845392,19
1590393805.948387,19
1590393806.050738,16
1590393806.153924,16
1590393806.257303,15
1590393806.360222,10
1590393806.464574,8
1590393806.568030,9
1590393806.670998,9
1590393806.773942,9
1590393806.876489,10
1590393806.978971,10
1590393807.081909,10
1590393807.184807,10
1590393807.288639,10
1590393807.392465,10
1590393807.495541,10
1590393807.598672,10
1590393807.702042,10
1590393807.805355,10
1590393807.908582,10
1590393808.012175,11
1590393808.115053,11
1590393808.219207,11
1590393808.322063,11
1590393808.425714,11
1590393808.529529,11
1590393808.632715,11
1590393808.736329,11
1590393808.839241,12
1590393808.942532,12
1590393809.046666,12
1590393809.149575,12
1590393809.252317,12
1590393809.355223,12
1590393809.457902,12
1590393809.561271,12
1590393809.664669,12
1590393809.767376,14
1590393809.870408,13
1590393809.973521,13
1590393810.077373,14
1590393810.180497,14
1590393810.283352,19
1590393810.387366,19
1590393810.491478,17
1590393810.594292,13
1590393810.697976,14
1590393810.800493,9
1590393810.904408,6
1590393811.007502,7
1590393811.110818,7
1590393811.214289,7
1590393811.316802,7
1590393811.421163,7
1590393811.524476,8
1590393811.627608,8
1590393811.729913,8
1590393811.833228,8
1590393811.936087,8
1590393812.039028,8
1590393812.141970,8
1590393812.244816,9
1590393812.347922,9
1590393812.451016,9
1590393812.553831,9
1590393812.657285,9
1590393812.760496,9
1590393812.863296,11
1590393812.966253,10
1590393813.070205,10
1590393813.172879,10
1590393813.276538,10
1590393813.379936,11
1590393813.483205,10
1590393813.587164,11
1590393813.689848,12
1590393813.793514,18
1590393813.897427,18
1590393814.000622,13
1590393814.104657,12
1590393814.207623,11
1590393814.311184,11
1590393814.414124,11
1590393814.517979,12
1590393814.620606,12
1590393814.724006,12
1590393814.827631,12
1590393814.931413,12
1590393815.034861,12
1590393815.137693,12
1590393815.240066,12
1590393815.343629,12
1590393815.446521,13
1590393815.551069,13
1590393815.654047,13
1590393815.757268,13
1590393815.861370,13
1590393815.964507,13
1590393816.067543,13
1590393816.170924,13
1590393816.274864,13
1590393816.378016,14
1590393816.485051,14
1590393816.588363,14
1590393816.692301,14
1590393816.795351,14
1590393816.898002,14
1590393817.001985,14
1590393817.104998,15
1590393817.208205,15
1590393817.311935,20
1590393817.414963,19
1590393817.519201,18
1590393817.622198,13
1590393817.724844,13
1590393817.828958,12
1590393817.932079,9
1590393818.035285,7
1590393818.138792,8
1590393818.241899,9
1590393818.345009,9
1590393818.448693,9
1590393818.552056,8
1590393818.654881,8
1590393818.758545,9
1590393818.860929,9
1590393818.963686,9
1590393819.066745,9
1590393819.171655,9
1590393819.274407,9
1590393819.377272,9
1590393819.481497,10
1590393819.584325,10
1590393819.687422,10
1590393819.790789,10
1590393819.893816,9
1590393819.997338,10
1590393820.099732,10
1590393820.202745,11
1590393820.305824,11
1590393820.409793,11
1590393820.512819,11
1590393820.616222,11
1590393820.719954,11
1590393820.823623,11
1590393820.926505,11
1590393821.029506,12
1590393821.133832,12
1590393821.236625,12
1590393821.339018,12
1590393821.442818,13
1590393821.545756,13
1590393821.648864,19
1590393821.751955,19
1590393821.855399,12
1590393821.958602,14
1590393822.062250,13
1590393822.165076,13
1590393822.268335,13
1590393822.371424,13
1590393822.475034,13
1590393822.578862,13
1590393822.682985,13
1590393822.786646,13
1590393822.889578,13
1590393822.992664,14
1590393823.095665,14
1590393823.199142,14
1590393823.301570,14
1590393823.405744,14
1590393823.509057,14
1590393823.612329,14
1590393823.716228,14
1590393823.819227,14
1590393823.922871,14
1590393824.026136,15
1590393824.128790,15
1590393824.231795,15
1590393824.334579,15
1590393824.438903,15
1590393824.542079,15
1590393824.645807,15
1590393824.749030,15
1590393824.851621,15
1590393824.954692,16
1590393825.057285,17
1590393825.161021,19
1590393825.264826,19
1590393825.367370,19
1590393825.470476,16
1590393825.573504,17
1590393825.677615,16
1590393825.780951,16
1590393825.884343,16
1590393825.987673,17
1590393826.091186,17
1590393826.194773,18
1590393826.297978,19
1590393826.400579,19
1590393826.505269,19
1590393826.610341,19
1590393826.714789,19
1590393826.817680,19
1590393826.920295,17
1590393827.024495,17
1590393827.128778,16
1590393827.232041,10
1590393827.335111,8
1590393827.438891,9
1590393827.541990,9
1590393827.645720,9
1590393827.749297,9
1590393827.853821,9
1590393827.956816,10
1590393828.060376,9
1590393828.163878,10
1590393828.266700,10
1590393828.369649,10
1590393828.472303,10
1590393828.575343,10
1590393828.678626,10
1590393828.781143,10
1590393828.883635,11
1590393828.986701,11
1590393829.090008,11
1590393829.193826,11
1590393829.298205,11
1590393829.401173,11
1590393829.505254,11
1590393829.608450,11
1590393829.712773,12
1590393829.816544,12
1590393829.919947,13
1590393830.022814,13
1590393830.125906,19
1590393830.228788,19
1590393830.332745,15
1590393830.436242,13
1590393830.539081,13
1590393830.642645,13
1590393830.746148,13
1590393830.848347,13
1590393830.951403,13
1590393831.054550,13
1590393831.157516,13
1590393831.260304,13
1590393831.363230,13
1590393831.466847,13
1590393831.569580,13
1590393831.672611,14
1590393831.775934,14
1590393831.878681,14
1590393831.981770,14
1590393832.084298,14
1590393832.187346,14
1590393832.289932,14
1590393832.392662,14
1590393832.496404,14
1590393832.599277,15
1590393832.701945,15
1590393832.805836,15
1590393832.908566,15
1590393833.012307,15
1590393833.116699,15
1590393833.220553,15
1590393833.323526,15
1590393833.426630,17
1590393833.530440,16
1590393833.633339,16
1590393833.736100,19
1590393833.839856,19
1590393833.942871,16
1590393834.045930,15
1590393834.149281,15
1590393834.252434,15
1590393834.355190,9
1590393834.458167,8
1590393834.562155,9
1590393834.665708,10
1590393834.769198,10
1590393834.872160,10
1590393834.975272,10
1590393835.079133,10
1590393835.182072,9
1590393835.287614,9
1590393835.391450,9
1590393835.495277,9
1590393835.598077,10
1590393835.700535,10
1590393835.803553,10
1590393835.906374,10
1590393836.009593,10
1590393836.113844,10
1590393836.217148,10
1590393836.319630,11
1590393836.422439,11
1590393836.525413,11
1590393836.628478,11
1590393836.730939,11
1590393836.834176,11
1590393836.938101,11
1590393837.040482,11
1590393837.143643,12
1590393837.246569,12
1590393837.350434,12
1590393837.453894,12
1590393837.557304,12
1590393837.661364,12
1590393837.763629,12
1590393837.867332,12
1590393837.970055,13
1590393838.073243,14
1590393838.176466,20
1590393838.278872,19
1590393838.381902,19
1590393838.485778,14
1590393838.589690,13
1590393838.693203,10
1590393838.795866,6
1590393838.899093,7
1590393839.002150,7
1590393839.105622,7
1590393839.209122,7
1590393839.312724,7
1590393839.416334,7
1590393839.519872,8
1590393839.622766,8
1590393839.725811,8
1590393839.828306,8
1590393839.932151,8
1590393840.035739,8
1590393840.139041,9
1590393840.242796,9
1590393840.345661,9
1590393840.448552,9
1590393840.551413,9
1590393840.653910,9
1590393840.758018,9
1590393840.861769,10
1590393840.965073,10
1590393841.068373,10
1590393841.171138,10
1590393841.274921,10
1590393841.378539,10
1590393841.480985,11
1590393841.583743,12
1590393841.686673,18
1590393841.789513,18
1590393841.892586,15
1590393841.996352,12
1590393842.100077,12
1590393842.202969,11
1590393842.309792,11
1590393842.413275,12
1590393842.516711,12
1590393842.620021,12
1590393842.725057,12
1590393842.827940,12
1590393842.930638,12
1590393843.033652,12
1590393843.136685,12
1590393843.239806,12
1590393843.343119,13
1590393843.447213,13
1590393843.550465,13
1590393843.656052,13
1590393843.758092,13
1590393843.861534,13
1590393843.965436,13
1590393844.068885,13
1590393844.172680,13
1590393844.276537,14
1590393844.379430,14
1590393844.481982,14
1590393844.585144,14
1590393844.687365,14
1590393844.790774,14
1590393844.894277,14
1590393844.996858,15
1590393845.099664,15
1590393845.202358,20
1590393845.305786,19
1590393845.408557,19
1590393845.511565,13
1590393845.614892,13
1590393845.718689,12
1590393845.821581,10
1590393845.924558,7
1590393846.028090,8
1590393846.130997,9
1590393846.234037,9
1590393846.337171,9
1590393846.440701,8
1590393846.544938,8
1590393846.648605,9
1590393846.751462,9
1590393846.853973,9
1590393846.957448,9
1590393847.061320,9
1590393847.165045,9
1590393847.267552,9
1590393847.370320,10
1590393847.473247,10
1590393847.577210,10
1590393847.680568,10
1590393847.783941,10
1590393847.887884,10
1590393847.991159,10
1590393848.095392,11
1590393848.197950,11
1590393848.301414,11
1590393848.404118,11
1590393848.507130,11
1590393848.610539,11
1590393848.714022,11
1590393848.817249,11
1590393848.920664,12
1590393849.023392,12
1590393849.126657,12
1590393849.230177,12
1590393849.333083,13
1590393849.436847,13
1590393849.541502,19
1590393849.645971,19
1590393849.748784,14
1590393849.851900,13
1590393849.954803,14
1590393850.058359,13
1590393850.161640,13
1590393850.265228,13
1590393850.368557,13
1590393850.471828,13
1590393850.574567,13
1590393850.677962,13
1590393850.781361,13
1590393850.884671,14
1590393850.988611,14
1590393851.091409,14
1590393851.194444,14
1590393851.297477,14
1590393851.400617,14
1590393851.503358,14
1590393851.606326,14
1590393851.708763,14
1590393851.811307,14
1590393851.915187,15
1590393852.018782,15
1590393852.122298,15
1590393852.224686,15
1590393852.328224,15
1590393852.431361,15
1590393852.533972,15
1590393852.637420,15
1590393852.739995,15
1590393852.842902,16
1590393852.946603,17
1590393853.049746,16
1590393853.152653,19
1590393853.254903,19
1590393853.358757,16
1590393853.461928,16
1590393853.565599,16
1590393853.669376,16
1590393853.772347,16
1590393853.875372,16
1590393853.977603,17
1590393854.080735,18
1590393854.183514,19
1590393854.286986,19
1590393854.390347,19
1590393854.494146,19
1590393854.596888,19
1590393854.701418,20
1590393854.804479,17
1590393854.907367,17
1590393855.011291,17
1590393855.114395,13
1590393855.217645,9
1590393855.320590,8
1590393855.423639,9
1590393855.527626,9
1590393855.631249,9
1590393855.733955,9
1590393855.836968,9
1590393855.939913,9
1590393856.043943,10
1590393856.146856,10
1590393856.252289,10
1590393856.354879,10
1590393856.458153,10
1590393856.562129,10
1590393856.664709,11
1590393856.769118,10
1590393856.872281,11
1590393856.975457,11
1590393857.078622,11
1590393857.182445,11
1590393857.285536,11
1590393857.391615,10
1590393857.494476,11
1590393857.598068,11
1590393857.701154,12
1590393857.804430,13
1590393857.907062,13
1590393858.011008,19
1590393858.114558,19
1590393858.217350,17
1590393858.320508,13
1590393858.423297,13
1590393858.527272,12
1590393858.630392,13
1590393858.733661,13
1590393858.836447,13
1590393858.939328,13
1590393859.043652,13
1590393859.146829,13
1590393859.250800,13
1590393859.353191,13
1590393859.455945,13
1590393859.559383,14
1590393859.661914,15
1590393859.764928,14
1590393859.868210,14
1590393859.971380,14
1590393860.074950,14
1590393860.178489,14
1590393860.281930,14
1590393860.385169,14
1590393860.488315,14
1590393860.592020,15
1590393860.694772,15
1590393860.798348,15
1590393860.901263,15
1590393861.004957,15
1590393861.108124,15
1590393861.211878,15
1590393861.315547,16
1590393861.419393,16
1590393861.522491,16
1590393861.625437,20
1590393861.728056,19
1590393861.831194,17
1590393861.934129,14
1590393862.038385,14
1590393862.142363,15
1590393862.246139,10
1590393862.349893,8
1590393862.452824,9
1590393862.556586,9
1590393862.660769,10
1590393862.763948,11
1590393862.866259,10
1590393862.969575,9
1590393863.072270,9
1590393863.175912,9
1590393863.278559,9
1590393863.381245,9
1590393863.484677,11
1590393863.588205,10
1590393863.691459,10
1590393863.794394,10
1590393863.897260,10
1590393864.000420,10
1590393864.103352,10
1590393864.206378,11
1590393864.309822,11
1590393864.412285,11
1590393864.515016,11
1590393864.617871,11
1590393864.721674,11
1590393864.825308,11
1590393864.928828,11
1590393865.031497,12
1590393865.134014,12
1590393865.236948,12
1590393865.340393,12
1590393865.445180,12
1590393865.548950,12
1590393865.652592,12
1590393865.755858,12
1590393865.858214,13
1590393865.962072,14
1590393866.065915,19
1590393866.168974,19
1590393866.271592,16
1590393866.375738,13
1590393866.478771,13
1590393866.581893,9
1590393866.684326,7
1590393866.787956,7
1590393866.891215,7
1590393866.994398,7
1590393867.097275,7
1590393867.201325,7
1590393867.305988,7
1590393867.410296,9
1590393867.514161,8
1590393867.617909,8
1590393867.720484,8
1590393867.825010,8
1590393867.928181,9
1590393868.031308,9
1590393868.134999,9
1590393868.238269,9
1590393868.341440,9
1590393868.445009,8
1590393868.548146,9
1590393868.651641,10
1590393868.754882,10
1590393868.857948,10
1590393868.961661,11
1590393869.064557,10
1590393869.168273,10
1590393869.272593,10
1590393869.375628,11
1590393869.478637,13
1590393869.581737,18
1590393869.684506,18
1590393869.787394,11
1590393869.891221,12
1590393869.994221,11
1590393870.098253,11
1590393870.201565,11
1590393870.305272,12
1590393870.408471,12
1590393870.511327,12
1590393870.615150,12
1590393870.717903,12
1590393870.821576,12
1590393870.924406,12
1590393871.027895,12
1590393871.131489,12
1590393871.234728,13
1590393871.337785,13
1590393871.440973,13
1590393871.543989,13
1590393871.647270,13
1590393871.750723,13
1590393871.853098,13
1590393871.956140,13
1590393872.059440,13
1590393872.162295,14
1590393872.266094,15
1590393872.369397,14
1590393872.472797,14
1590393872.576074,14
1590393872.680177,14
1590393872.787622,14
1590393872.891676,15
1590393872.995768,15
1590393873.099057,19
1590393873.201775,19
1590393873.304358,17
1590393873.407894,13
1590393873.511182,13
1590393873.614047,11
1590393873.717702,10
1590393873.821025,7
1590393873.924693,8
1590393874.027718,9
1590393874.130821,9
1590393874.233781,9
1590393874.337196,8
1590393874.439646,8
1590393874.543280,9
1590393874.646183,9
1590393874.749285,9
1590393874.852339,9
1590393874.955200,9
1590393875.058521,9
1590393875.161984,9
1590393875.265807,10
1590393875.368142,10
1590393875.471923,10
1590393875.575030,10
1590393875.679029,10
1590393875.782096,11
1590393875.884587,10
1590393875.987359,11
1590393876.092873,11
1590393876.195716,11
1590393876.299214,11
1590393876.402039,11
1590393876.505675,11
1590393876.608976,11
1590393876.711745,11
1590393876.815005,12
1590393876.917801,12
1590393877.020902,12
1590393877.124024,11
1590393877.227836,13
1590393877.330788,13
1590393877.433657,19
1590393877.537377,19
1590393877.642053,13
1590393877.745543,14
1590393877.848744,13
1590393877.952049,13
1590393878.055103,13
1590393878.158188,13
1590393878.261801,13
1590393878.364301,13
1590393878.467317,13
1590393878.569901,14
1590393878.672982,14
1590393878.776297,14
1590393878.879236,14
1590393878.982627,14
1590393879.085621,14
1590393879.189022,14
1590393879.292800,14
1590393879.397330,14
1590393879.501183,14
1590393879.603770,15
1590393879.707354,15
1590393879.810705,15
1590393879.913611,15
1590393880.017456,15
1590393880.120937,15
1590393880.224579,15
1590393880.328682,15
1590393880.431353,15
1590393880.534998,15
1590393880.637883,15
1590393880.740591,16
1590393880.843359,17
1590393880.947300,20
1590393881.049833,19
1590393881.153642,19
1590393881.256411,17
1590393881.359326,17
1590393881.463571,16
1590393881.566676,16
1590393881.669548,9
1590393881.772238,9
1590393881.875318,8
1590393881.979035,8
1590393882.082230,8
1590393882.185420,9
1590393882.289183,9
1590393882.392631,8
1590393882.496442,9
1590393882.599543,9
1590393882.702514,9
1590393882.806617,10
1590393882.910083,10
1590393883.014576,10
1590393883.117486,10
1590393883.220862,10
1590393883.324138,10
1590393883.427773,10
1590393883.530934,10
1590393883.633826,11
1590393883.736320,11
1590393883.839158,11
1590393883.943140,11
1590393884.045789,11
1590393884.149138,11
1590393884.252218,11
1590393884.354792,11
1590393884.458568,12
1590393884.562647,12
1590393884.665482,13
1590393884.768876,13
1590393884.872146,12
1590393884.975360,19
1590393885.078326,18
1590393885.182208,13
1590393885.284848,13
1590393885.388010,13
1590393885.492174,13
1590393885.596570,13
1590393885.699549,13
1590393885.802592,13
1590393885.907020,14
1590393886.010653,13
1590393886.113947,13
1590393886.217672,13
1590393886.320249,14
1590393886.422994,15
1590393886.526342,14
1590393886.629236,14
1590393886.732544,14
1590393886.835439,14
1590393886.937915,14
1590393887.041088,14
1590393887.145502,14
1590393887.249193,14
1590393887.352098,15
1590393887.454967,15
1590393887.558117,15
1590393887.662366,15
1590393887.765548,15
1590393887.868897,15
1590393887.971483,15
1590393888.074836,15
1590393888.178493,16
1590393888.281282,17
1590393888.384318,17
1590393888.488273,19
1590393888.593112,19
1590393888.697253,19
1590393888.800405,15
1590393888.903054,15
1590393889.005680,14
1590393889.109236,11
1590393889.213193,8
1590393889.315948,10
1590393889.418217,9
1590393889.522025,10
1590393889.625923,10
1590393889.728744,10
1590393889.833641,10
1590393889.938128,11
1590393890.042505,9
1590393890.146143,9
1590393890.249372,9
1590393890.352264,10
1590393890.455196,10
1590393890.558472,10
1590393890.661993,10
1590393890.765232,10
1590393890.867922,10
1590393890.971190,10
1590393891.073894,11
1590393891.179017,11
1590393891.281908,11
1590393891.385717,11
1590393891.489774,11
1590393891.593301,11
1590393891.697808,11
1590393891.801890,11
1590393891.904239,12
1590393892.007628,12
1590393892.110529,12
1590393892.214181,12
1590393892.317852,12
1590393892.421065,12
1590393892.524882,12
1590393892.628147,12
1590393892.730963,12
1590393892.833872,14
1590393892.937006,14
1590393893.041664,19
1590393893.146061,19
1590393893.249475,19
1590393893.352383,13
1590393893.456199,13
1590393893.559540,10
1590393893.663331,6
1590393893.767604,7
1590393893.871222,7
1590393893.974223,7
1590393894.077337,7
1590393894.180280,7
1590393894.284629,7
1590393894.388245,8
1590393894.497000,8
1590393894.600384,8
1590393894.703942,8
1590393894.807237,8
1590393894.910708,8
1590393895.013856,9
1590393895.116444,9
1590393895.219485,9
1590393895.322449,9
1590393895.426648,9
1590393895.530616,9
1590393895.639255,10
1590393895.742924,10
1590393895.846134,10
1590393895.949165,10
1590393896.051815,10
1590393896.157363,10
1590393896.261460,10
1590393896.364689,11
1590393896.468035,12
1590393896.571425,19
1590393896.673739,18
1590393896.777728,11
1590393896.881070,12
1590393896.984663,11
1590393897.087881,11
1590393897.191535,11
1590393897.294336,12
1590393897.397352,12
1590393897.500646,12
1590393897.603318,12
1590393897.706592,12
1590393897.810660,12
1590393897.913511,12
1590393898.016640,12
1590393898.119658,12
1590393898.222598,13
1590393898.326387,13
1590393898.429337,13
1590393898.532324,13
1590393898.635772,13
1590393898.739486,13
1590393898.843624,13
1590393898.946645,13
1590393899.049414,13
1590393899.152563,14
1590393899.256416,14
1590393899.360139,13
1590393899.463285,14
1590393899.565941,14
1590393899.668388,14
1590393899.771936,14
1590393899.875654,15
1590393899.978618,15
1590393900.081729,19
1590393900.184130,19
1590393900.287022,19
1590393900.390100,14
1590393900.493926,14
1590393900.597373,14
1590393900.699958,11
1590393900.802851,7
1590393900.906014,9
1590393901.010019,9
1590393901.113416,11
1590393901.216849,10
1590393901.320701,9
1590393901.423720,8
1590393901.526998,9
1590393901.630355,9
1590393901.733150,9
1590393901.837724,9
1590393901.940774,9
1590393902.045237,9
1590393902.148760,9
1590393902.252629,10
1590393902.354953,10
1590393902.459891,10
1590393902.563281,10
1590393902.666934,10
1590393902.770924,10
1590393902.874407,10
1590393902.978052,11
1590393903.081712,11
1590393903.184861,11
1590393903.288446,11
1590393903.391809,12
1590393903.495054,11
1590393903.599552,11
1590393903.702338,11
1590393903.806616,12
1590393903.910104,12
1590393904.013246,12
1590393904.116970,12
1590393904.219930,12
1590393904.324606,13
1590393904.427562,13
1590393904.529871,19
1590393904.633349,19
1590393904.736864,15
1590393904.840151,14
1590393904.945703,14
1590393905.049382,13
1590393905.152714,13
1590393905.256440,13
1590393905.360041,13
1590393905.463807,13
1590393905.567448,13
1590393905.670504,13
1590393905.773724,14
1590393905.878129,14
1590393905.981129,14
1590393906.084816,14
1590393906.188785,14
1590393906.292773,14
1590393906.395585,14
1590393906.498828,14
1590393906.602307,14
1590393906.705360,14
1590393906.809671,15
1590393906.913748,15
1590393907.016311,15
1590393907.119359,15
1590393907.223510,15
1590393907.325974,16
1590393907.429570,15
1590393907.533847,15
1590393907.637384,15
1590393907.741025,15
1590393907.844609,17
1590393907.946936,17
1590393908.050717,20
1590393908.153933,19
1590393908.256325,19
1590393908.360558,16
1590393908.463459,15
1590393908.566884,15
1590393908.669730,14
1590393908.771997,9
1590393908.875875,8
1590393908.978739,9
1590393909.081765,10
1590393909.185265,12
1590393909.288637,10
1590393909.391693,10
1590393909.495537,10
1590393909.599475,9
1590393909.701979,9
1590393909.805602,9
1590393909.908908,10
1590393910.012463,10
1590393910.116521,10
1590393910.219682,10
1590393910.322929,10
1590393910.425424,10
1590393910.528946,10
1590393910.633593,10
1590393910.736556,11
1590393910.839523,11
1590393910.942608,11
1590393911.046556,11
1590393911.149386,11
1590393911.252458,11
1590393911.355417,11
1590393911.458555,11
1590393911.561580,12
1590393911.665597,11
1590393911.769137,12
1590393911.871874,12
1590393911.975948,12
1590393912.078661,12
1590393912.181257,13
1590393912.285147,12
1590393912.388205,14
1590393912.492333,14
1590393912.595245,14
1590393912.698539,20
1590393912.801601,19
1590393912.904791,13
1590393913.007459,13
1590393913.110872,14
1590393913.213594,13
1590393913.317666,13
1590393913.420338,14
1590393913.523352,15
1590393913.627413,15
1590393913.730154,15
1590393913.832642,15
1590393913.935430,16
1590393914.039014,14
1590393914.143099,14
1590393914.246503,14
1590393914.349695,14
1590393914.453156,16
1590393914.556978,15
1590393914.660395,15
1590393914.764239,15
1590393914.867933,15
1590393914.972024,15
1590393915.074902,15
1590393915.179649,15
1590393915.284144,15
1590393915.386769,15
1590393915.490916,16
1590393915.594779,16
1590393915.698373,16
1590393915.800741,16
1590393915.903972,16
1590393916.007024,16
1590393916.110109,16
1590393916.212671,16
1590393916.316003,16
1590393916.419933,16
1590393916.522788,16
1590393916.626199,16
1590393916.729870,17
1590393916.832822,18
1590393916.936310,18
1590393917.039695,20
1590393917.143949,19
1590393917.246925,19
1590393917.350885,16
1590393917.454554,16
1590393917.558020,16
1590393917.661439,13
1590393917.764753,10
1590393917.867685,8
1590393917.970483,10
1590393918.074919,10
1590393918.178102,11
1590393918.281268,10
1590393918.383932,12
1590393918.487891,10
1590393918.590821,10
1590393918.693953,10
1590393918.797615,10
1590393918.901699,10
1590393919.004253,10
1590393919.107195,10
1590393919.209974,10
1590393919.313269,10
1590393919.416119,11
1590393919.519321,11
1590393919.623224,11
1590393919.726413,11
1590393919.829982,11
1590393919.934078,11
1590393920.037465,11
1590393920.140096,11
1590393920.243336,12
1590393920.346245,12
1590393920.448686,12
1590393920.551951,12
1590393920.655201,12
1590393920.758261,12
1590393920.861914,12
1590393920.965242,12
1590393921.069014,13
1590393921.171361,13
1590393921.274419,13
1590393921.377174,13
1590393921.480558,13
1590393921.584564,14
1590393921.687901,14
1590393921.791751,19
1590393921.894891,19
1590393921.997729,14
1590393922.101422,13
1590393922.204432,12
1590393922.307229,7
1590393922.410028,6
1590393922.513789,7
1590393922.617296,7
1590393922.720930,7
1590393922.824264,7
1590393922.926844,7
1590393923.029931,8
1590393923.132868,8
1590393923.235935,8
1590393923.338835,8
1590393923.442971,8
1590393923.545581,8
1590393923.651428,9
1590393923.754731,9
1590393923.857872,10
1590393923.960436,9
1590393924.063346,9
1590393924.166197,9
1590393924.268311,10
1590393924.371225,4
1590393924.474047,0
1590393924.577467,0
1590393924.679550,0
1590393924.782478,0
1590393924.885465,0
1590393924.988620,0
